case_id,split,ground_truth,is_leakage,leakage_type,severity,entity_id,prediction_time,feature_time,feature_expression,lineage_columns,source_table,source_role,aggregation_window_end,source_max_event_time,label_available_time,feature_vector,other_split_vector,exact_duplicate_hash,other_split_hash
CLEAN-000,dev,clean,false,clean,none,entity-0000,2026-01-05T08:00Z,2026-01-05T07:45Z,shipping_label_length,"[""shipping_label"",""package_weight""]",shipping_events,feature,2026-01-05T07:45Z,2026-01-05T07:45Z,2026-01-05T14:00Z,"[-1.626961,1.27286,-0.535749,0.115746,1.639384,1.028431,-1.866262,-1.775719]",[],,
CLEAN-001,dev,clean,false,clean,none,entity-0001,2026-01-05T15:11Z,2026-01-05T14:46Z,target_temperature_delta,"[""target_temperature"",""ambient_temperature""]",customer_facts,feature,2026-01-05T14:46Z,2026-01-05T14:46Z,2026-01-05T21:11Z,"[-0.532355,-0.70263,-1.429452,-1.2553,-1.603327,-0.512183,-1.551836,0.706737]",[],,
CLEAN-002,dev,clean,false,clean,none,entity-0002,2026-01-05T22:22Z,2026-01-05T21:47Z,package_label_print_delay,"[""label_print_date"",""scan_time""]",shipping_events,feature,2026-01-05T21:47Z,2026-01-05T21:47Z,2026-01-06T04:22Z,"[1.663735,-1.759364,-0.362803,-0.653201,-2.195047,-1.106091,1.135225,2.269968]",[],,
CLEAN-003,dev,clean,false,clean,none,entity-0003,2026-01-06T05:33Z,2026-01-06T04:48Z,customer_resolution_time_estimate,"[""ticket_open_time"",""agent_queue""]",customer_facts,feature,2026-01-06T04:48Z,2026-01-06T04:48Z,2026-01-06T11:33Z,"[-0.655516,-1.228138,-1.096164,0.47921,0.885171,-2.390841,-2.411913,-0.832336]",[],,
CLEAN-004,dev,clean,false,clean,none,entity-0004,2026-01-06T12:44Z,2026-01-06T11:49Z,shipping_label_length,"[""shipping_label"",""package_weight""]",shipping_events,feature,2026-01-06T11:49Z,2026-01-06T11:49Z,2026-01-06T18:44Z,"[-1.562634,-1.046988,1.526199,1.801904,-1.910299,-1.844421,2.303905,2.210623]",[],,
CLEAN-005,dev,clean,false,clean,none,entity-0005,2026-01-06T19:55Z,2026-01-06T18:50Z,target_temperature_delta,"[""target_temperature"",""ambient_temperature""]",customer_facts,feature,2026-01-06T18:50Z,2026-01-06T18:50Z,2026-01-07T01:55Z,"[-0.276523,0.26624,2.241822,1.538731,1.056297,-1.453562,2.483749,0.988805]",[],,
CLEAN-006,dev,clean,false,clean,none,entity-0006,2026-01-07T02:06Z,2026-01-07T01:51Z,package_label_print_delay,"[""label_print_date"",""scan_time""]",shipping_events,feature,2026-01-07T01:51Z,2026-01-07T01:51Z,2026-01-07T08:06Z,"[2.12499,0.414319,1.619915,0.967782,0.005275,-0.829711,1.98668,-0.284496]",[],,
CLEAN-007,dev,clean,false,clean,none,entity-0007,2026-01-07T09:17Z,2026-01-07T08:52Z,customer_resolution_time_estimate,"[""ticket_open_time"",""agent_queue""]",customer_facts,feature,2026-01-07T08:52Z,2026-01-07T08:52Z,2026-01-07T15:17Z,"[0.202552,0.136017,1.24935,-0.527796,-1.475641,-0.924772,2.130201,-2.243462]",[],,
CLEAN-008,dev,clean,false,clean,none,entity-0008,2026-01-07T16:28Z,2026-01-07T15:53Z,shipping_label_length,"[""shipping_label"",""package_weight""]",shipping_events,feature,2026-01-07T15:53Z,2026-01-07T15:53Z,2026-01-07T22:28Z,"[-2.199832,0.773447,0.066354,-1.035224,1.513216,1.159118,-2.437535,-1.772589]",[],,
CLEAN-009,dev,clean,false,clean,none,entity-0009,2026-01-07T23:39Z,2026-01-07T22:54Z,target_temperature_delta,"[""target_temperature"",""ambient_temperature""]",customer_facts,feature,2026-01-07T22:54Z,2026-01-07T22:54Z,2026-01-08T05:39Z,"[0.600538,-0.797498,0.492515,1.410936,-0.987647,-0.706943,0.724747,-1.130042]",[],,
CLEAN-010,dev,clean,false,clean,none,entity-0010,2026-01-08T06:50Z,2026-01-08T05:55Z,package_label_print_delay,"[""label_print_date"",""scan_time""]",shipping_events,feature,2026-01-08T05:55Z,2026-01-08T05:55Z,2026-01-08T12:50Z,"[-1.423041,-1.422274,-0.991888,-0.079174,-0.048567,1.396413,2.359935,-1.925177]",[],,
CLEAN-011,dev,clean,false,clean,none,entity-0011,2026-01-08T13:01Z,2026-01-08T11:56Z,customer_resolution_time_estimate,"[""ticket_open_time"",""agent_queue""]",customer_facts,feature,2026-01-08T11:56Z,2026-01-08T11:56Z,2026-01-08T19:01Z,"[1.672443,-0.414841,1.506187,-1.84098,1.211069,0.272296,-1.394652,1.121373]",[],,
CLEAN-012,dev,clean,false,clean,none,entity-0012,2026-01-08T20:12Z,2026-01-08T19:57Z,shipping_label_length,"[""shipping_label"",""package_weight""]",shipping_events,feature,2026-01-08T19:57Z,2026-01-08T19:57Z,2026-01-09T02:12Z,"[-1.133692,2.214843,0.857767,-0.671009,-2.24656,2.159323,-0.592785,-1.790593]",[],,
CLEAN-013,dev,clean,false,clean,none,entity-0013,2026-01-09T03:23Z,2026-01-09T02:58Z,target_temperature_delta,"[""target_temperature"",""ambient_temperature""]",customer_facts,feature,2026-01-09T02:58Z,2026-01-09T02:58Z,2026-01-09T09:23Z,"[-1.807335,-1.129731,1.700741,-1.913296,-0.807093,-0.816457,1.349911,0.838771]",[],,
CLEAN-014,dev,clean,false,clean,none,entity-0014,2026-01-09T10:34Z,2026-01-09T09:59Z,package_label_print_delay,"[""label_print_date"",""scan_time""]",shipping_events,feature,2026-01-09T09:59Z,2026-01-09T09:59Z,2026-01-09T16:34Z,"[0.553714,0.040859,0.57583,-1.615458,-0.61414,2.180338,-1.985184,-0.074965]",[],,
CLEAN-015,dev,clean,false,clean,none,entity-0015,2026-01-09T17:45Z,2026-01-09T17:00Z,customer_resolution_time_estimate,"[""ticket_open_time"",""agent_queue""]",customer_facts,feature,2026-01-09T17:00Z,2026-01-09T17:00Z,2026-01-09T23:45Z,"[-1.061699,0.972791,1.923333,1.102239,0.588927,1.328387,-1.259371,1.297682]",[],,
CLEAN-016,dev,clean,false,clean,none,entity-0016,2026-01-10T00:56Z,2026-01-10T00:01Z,shipping_label_length,"[""shipping_label"",""package_weight""]",shipping_events,feature,2026-01-10T00:01Z,2026-01-10T00:01Z,2026-01-10T06:56Z,"[0.167438,1.362242,1.968332,-0.188027,1.759746,2.274143,-0.844657,-1.941206]",[],,
CLEAN-017,dev,clean,false,clean,none,entity-0017,2026-01-10T07:07Z,2026-01-10T06:02Z,target_temperature_delta,"[""target_temperature"",""ambient_temperature""]",customer_facts,feature,2026-01-10T06:02Z,2026-01-10T06:02Z,2026-01-10T13:07Z,"[-0.035254,2.344056,-2.41436,0.642455,0.701608,-0.74892,-1.710502,-1.412478]",[],,
CLEAN-018,dev,clean,false,clean,none,entity-0018,2026-01-10T14:18Z,2026-01-10T14:03Z,package_label_print_delay,"[""label_print_date"",""scan_time""]",shipping_events,feature,2026-01-10T14:03Z,2026-01-10T14:03Z,2026-01-10T20:18Z,"[-1.855703,1.222731,0.001925,1.355381,-0.825834,1.490095,1.658017,-0.502226]",[],,
CLEAN-019,dev,clean,false,clean,none,entity-0019,2026-01-10T21:29Z,2026-01-10T21:04Z,customer_resolution_time_estimate,"[""ticket_open_time"",""agent_queue""]",customer_facts,feature,2026-01-10T21:04Z,2026-01-10T21:04Z,2026-01-11T03:29Z,"[2.297249,-0.501571,1.918012,1.288835,-1.748077,1.098869,1.314639,-0.835402]",[],,
CLEAN-020,dev,clean,false,clean,none,entity-0020,2026-01-11T04:40Z,2026-01-11T04:05Z,shipping_label_length,"[""shipping_label"",""package_weight""]",shipping_events,feature,2026-01-11T04:05Z,2026-01-11T04:05Z,2026-01-11T10:40Z,"[-2.296069,0.006842,0.62352,2.372422,0.959811,1.598232,-0.043542,0.493387]",[],,
CLEAN-021,dev,clean,false,clean,none,entity-0021,2026-01-11T11:51Z,2026-01-11T11:06Z,target_temperature_delta,"[""target_temperature"",""ambient_temperature""]",customer_facts,feature,2026-01-11T11:06Z,2026-01-11T11:06Z,2026-01-11T17:51Z,"[1.98385,1.752846,0.217595,1.290662,-1.030617,-0.097178,-1.172235,-1.822651]",[],,
CLEAN-022,dev,clean,false,clean,none,entity-0022,2026-01-11T18:02Z,2026-01-11T17:07Z,package_label_print_delay,"[""label_print_date"",""scan_time""]",shipping_events,feature,2026-01-11T17:07Z,2026-01-11T17:07Z,2026-01-12T00:02Z,"[1.53353,-2.105379,-0.36122,1.785142,-0.047651,0.993056,0.032213,1.425521]",[],,
CLEAN-023,dev,clean,false,clean,none,entity-0023,2026-01-12T01:13Z,2026-01-12T00:08Z,customer_resolution_time_estimate,"[""ticket_open_time"",""agent_queue""]",customer_facts,feature,2026-01-12T00:08Z,2026-01-12T00:08Z,2026-01-12T07:13Z,"[1.053465,-2.393079,-1.217355,-0.416265,0.299453,-1.041838,0.72412,-1.634624]",[],,
CLEAN-024,dev,clean,false,clean,none,entity-0024,2026-01-12T08:24Z,2026-01-12T08:09Z,shipping_label_length,"[""shipping_label"",""package_weight""]",shipping_events,feature,2026-01-12T08:09Z,2026-01-12T08:09Z,2026-01-12T14:24Z,"[-2.112898,0.558707,-0.089555,-1.785881,-1.868789,2.102395,1.049578,-2.36245]",[],,
CLEAN-025,dev,clean,false,clean,none,entity-0025,2026-01-12T15:35Z,2026-01-12T15:10Z,target_temperature_delta,"[""target_temperature"",""ambient_temperature""]",customer_facts,feature,2026-01-12T15:10Z,2026-01-12T15:10Z,2026-01-12T21:35Z,"[1.675539,-2.447717,-2.163824,2.066489,0.512543,0.848342,-0.467557,0.010723]",[],,
CLEAN-026,dev,clean,false,clean,none,entity-0026,2026-01-12T22:46Z,2026-01-12T22:11Z,package_label_print_delay,"[""label_print_date"",""scan_time""]",shipping_events,feature,2026-01-12T22:11Z,2026-01-12T22:11Z,2026-01-13T04:46Z,"[-0.907374,2.337602,-0.757183,-1.172355,2.021888,-1.500029,-0.925004,1.776171]",[],,
CLEAN-027,dev,clean,false,clean,none,entity-0027,2026-01-13T05:57Z,2026-01-13T05:12Z,customer_resolution_time_estimate,"[""ticket_open_time"",""agent_queue""]",customer_facts,feature,2026-01-13T05:12Z,2026-01-13T05:12Z,2026-01-13T11:57Z,"[1.253691,0.073998,-0.790604,1.659023,-0.260917,-1.704825,-0.442958,2.325966]",[],,
CLEAN-028,dev,clean,false,clean,none,entity-0028,2026-01-13T12:08Z,2026-01-13T11:13Z,shipping_label_length,"[""shipping_label"",""package_weight""]",shipping_events,feature,2026-01-13T11:13Z,2026-01-13T11:13Z,2026-01-13T18:08Z,"[1.987521,0.10179,1.265681,-1.938706,0.475874,-0.411661,0.396358,-0.102376]",[],,
CLEAN-029,dev,clean,false,clean,none,entity-0029,2026-01-13T19:19Z,2026-01-13T18:14Z,target_temperature_delta,"[""target_temperature"",""ambient_temperature""]",customer_facts,feature,2026-01-13T18:14Z,2026-01-13T18:14Z,2026-01-14T01:19Z,"[-2.39788,-0.209177,-1.107143,-2.256098,-0.976042,0.178769,1.712954,-2.362862]",[],,
CLEAN-030,dev,clean,false,clean,none,entity-0030,2026-01-14T02:30Z,2026-01-14T02:15Z,package_label_print_delay,"[""label_print_date"",""scan_time""]",shipping_events,feature,2026-01-14T02:15Z,2026-01-14T02:15Z,2026-01-14T08:30Z,"[-0.667424,-0.926909,1.516039,2.409997,2.329651,-1.246009,-1.701442,-1.368423]",[],,
CLEAN-031,dev,clean,false,clean,none,entity-0031,2026-01-14T09:41Z,2026-01-14T09:16Z,customer_resolution_time_estimate,"[""ticket_open_time"",""agent_queue""]",customer_facts,feature,2026-01-14T09:16Z,2026-01-14T09:16Z,2026-01-14T15:41Z,"[-0.180165,1.823485,-0.300826,1.829732,1.193984,-2.064057,-2.056256,-1.589057]",[],,
CLEAN-032,dev,clean,false,clean,none,entity-0032,2026-01-14T16:52Z,2026-01-14T16:17Z,shipping_label_length,"[""shipping_label"",""package_weight""]",shipping_events,feature,2026-01-14T16:17Z,2026-01-14T16:17Z,2026-01-14T22:52Z,"[2.220414,-2.497073,-0.704686,1.058855,-2.03323,2.20008,2.232096,-1.107947]",[],,
CLEAN-033,dev,clean,false,clean,none,entity-0033,2026-01-14T23:03Z,2026-01-14T22:18Z,target_temperature_delta,"[""target_temperature"",""ambient_temperature""]",customer_facts,feature,2026-01-14T22:18Z,2026-01-14T22:18Z,2026-01-15T05:03Z,"[0.654889,-0.556187,-0.457476,0.329237,-1.406206,-0.085836,1.522728,0.010068]",[],,
CLEAN-034,dev,clean,false,clean,none,entity-0034,2026-01-15T06:14Z,2026-01-15T05:19Z,package_label_print_delay,"[""label_print_date"",""scan_time""]",shipping_events,feature,2026-01-15T05:19Z,2026-01-15T05:19Z,2026-01-15T12:14Z,"[-0.582269,-2.410812,1.859601,2.420991,1.574337,2.015738,0.774693,1.77607]",[],,
CLEAN-035,dev,clean,false,clean,none,entity-0035,2026-01-15T13:25Z,2026-01-15T12:20Z,customer_resolution_time_estimate,"[""ticket_open_time"",""agent_queue""]",customer_facts,feature,2026-01-15T12:20Z,2026-01-15T12:20Z,2026-01-15T19:25Z,"[-1.283726,0.595433,1.454922,-1.708941,-2.365865,-1.308415,-1.458303,-0.448686]",[],,
CLEAN-036,dev,clean,false,clean,none,entity-0036,2026-01-15T20:36Z,2026-01-15T20:21Z,shipping_label_length,"[""shipping_label"",""package_weight""]",shipping_events,feature,2026-01-15T20:21Z,2026-01-15T20:21Z,2026-01-16T02:36Z,"[2.452719,0.687801,0.077933,2.246807,-1.225222,0.854325,-0.167414,-0.524344]",[],,
CLEAN-037,dev,clean,false,clean,none,entity-0037,2026-01-16T03:47Z,2026-01-16T03:22Z,target_temperature_delta,"[""target_temperature"",""ambient_temperature""]",customer_facts,feature,2026-01-16T03:22Z,2026-01-16T03:22Z,2026-01-16T09:47Z,"[-0.183413,-1.194324,0.265583,2.144162,-2.154659,-2.474149,-0.690969,-2.047857]",[],,
CLEAN-038,dev,clean,false,clean,none,entity-0038,2026-01-16T10:58Z,2026-01-16T10:23Z,package_label_print_delay,"[""label_print_date"",""scan_time""]",shipping_events,feature,2026-01-16T10:23Z,2026-01-16T10:23Z,2026-01-16T16:58Z,"[-2.123987,-0.114952,-0.060576,2.315841,0.896821,1.167132,-0.089815,2.44697]",[],,
CLEAN-039,dev,clean,false,clean,none,entity-0039,2026-01-16T17:09Z,2026-01-16T16:24Z,customer_resolution_time_estimate,"[""ticket_open_time"",""agent_queue""]",customer_facts,feature,2026-01-16T16:24Z,2026-01-16T16:24Z,2026-01-16T23:09Z,"[-0.581982,0.064973,1.733895,-1.674024,1.680296,0.458148,1.473919,1.803299]",[],,
CLEAN-040,dev,clean,false,clean,none,entity-0040,2026-01-17T00:20Z,2026-01-16T23:25Z,shipping_label_length,"[""shipping_label"",""package_weight""]",shipping_events,feature,2026-01-16T23:25Z,2026-01-16T23:25Z,2026-01-17T06:20Z,"[0.819466,1.07045,1.403286,-2.120175,-2.391263,-0.855843,2.201139,-1.774344]",[],,
CLEAN-041,dev,clean,false,clean,none,entity-0041,2026-01-17T07:31Z,2026-01-17T06:26Z,target_temperature_delta,"[""target_temperature"",""ambient_temperature""]",customer_facts,feature,2026-01-17T06:26Z,2026-01-17T06:26Z,2026-01-17T13:31Z,"[-1.3144,-0.51226,-0.071568,-0.21075,-1.722372,0.806915,2.341578,-0.372311]",[],,
CLEAN-042,dev,clean,false,clean,none,entity-0042,2026-01-17T14:42Z,2026-01-17T14:27Z,package_label_print_delay,"[""label_print_date"",""scan_time""]",shipping_events,feature,2026-01-17T14:27Z,2026-01-17T14:27Z,2026-01-17T20:42Z,"[1.49875,2.274746,0.753647,-1.177493,-2.273433,-1.694784,-0.076051,1.762938]",[],,
CLEAN-043,dev,clean,false,clean,none,entity-0043,2026-01-17T21:53Z,2026-01-17T21:28Z,customer_resolution_time_estimate,"[""ticket_open_time"",""agent_queue""]",customer_facts,feature,2026-01-17T21:28Z,2026-01-17T21:28Z,2026-01-18T03:53Z,"[1.632347,2.131925,1.917736,-1.271624,0.221277,-1.082542,-0.696158,0.198649]",[],,
CLEAN-044,dev,clean,false,clean,none,entity-0044,2026-01-18T04:04Z,2026-01-18T03:29Z,shipping_label_length,"[""shipping_label"",""package_weight""]",shipping_events,feature,2026-01-18T03:29Z,2026-01-18T03:29Z,2026-01-18T10:04Z,"[-0.197071,-1.176425,-1.383542,2.124173,-2.27095,-1.526146,1.671758,-2.318518]",[],,
CLEAN-045,dev,clean,false,clean,none,entity-0045,2026-01-18T11:15Z,2026-01-18T10:30Z,target_temperature_delta,"[""target_temperature"",""ambient_temperature""]",customer_facts,feature,2026-01-18T10:30Z,2026-01-18T10:30Z,2026-01-18T17:15Z,"[-1.581024,2.014971,-1.953688,0.304142,0.452179,-0.518806,-1.738807,0.566453]",[],,
CLEAN-046,dev,clean,false,clean,none,entity-0046,2026-01-18T18:26Z,2026-01-18T17:31Z,package_label_print_delay,"[""label_print_date"",""scan_time""]",shipping_events,feature,2026-01-18T17:31Z,2026-01-18T17:31Z,2026-01-19T00:26Z,"[-0.347342,-1.076861,-0.661487,-1.176802,0.371931,-0.803338,-1.296155,-1.114488]",[],,
CLEAN-047,dev,clean,false,clean,none,entity-0047,2026-01-19T01:37Z,2026-01-19T00:32Z,customer_resolution_time_estimate,"[""ticket_open_time"",""agent_queue""]",customer_facts,feature,2026-01-19T00:32Z,2026-01-19T00:32Z,2026-01-19T07:37Z,"[0.438345,-1.942122,0.129503,0.40834,0.148795,-2.085667,-0.331074,-1.492504]",[],,
CLEAN-048,dev,clean,false,clean,none,entity-0048,2026-01-19T08:48Z,2026-01-19T08:33Z,shipping_label_length,"[""shipping_label"",""package_weight""]",shipping_events,feature,2026-01-19T08:33Z,2026-01-19T08:33Z,2026-01-19T14:48Z,"[0.83694,0.3935,0.876806,-0.705332,-1.375806,2.316581,1.337346,0.670832]",[],,
CLEAN-049,dev,clean,false,clean,none,entity-0049,2026-01-19T15:59Z,2026-01-19T15:34Z,target_temperature_delta,"[""target_temperature"",""ambient_temperature""]",customer_facts,feature,2026-01-19T15:34Z,2026-01-19T15:34Z,2026-01-19T21:59Z,"[-0.100816,1.920797,-1.839626,1.699135,-1.005486,-1.114503,-1.907877,0.260585]",[],,
CLEAN-050,dev,clean,false,clean,none,entity-0050,2026-01-19T22:10Z,2026-01-19T21:35Z,package_label_print_delay,"[""label_print_date"",""scan_time""]",shipping_events,feature,2026-01-19T21:35Z,2026-01-19T21:35Z,2026-01-20T04:10Z,"[-0.210925,0.503922,-1.928935,1.556083,1.080895,0.219221,0.434461,-0.539908]",[],,
CLEAN-051,dev,clean,false,clean,none,entity-0051,2026-01-20T05:21Z,2026-01-20T04:36Z,customer_resolution_time_estimate,"[""ticket_open_time"",""agent_queue""]",customer_facts,feature,2026-01-20T04:36Z,2026-01-20T04:36Z,2026-01-20T11:21Z,"[-1.135468,0.771372,-2.328344,2.032118,1.059965,-2.129408,-0.254501,0.363232]",[],,
CLEAN-052,dev,clean,false,clean,none,entity-0052,2026-01-20T12:32Z,2026-01-20T11:37Z,shipping_label_length,"[""shipping_label"",""package_weight""]",shipping_events,feature,2026-01-20T11:37Z,2026-01-20T11:37Z,2026-01-20T18:32Z,"[1.229041,-1.294027,-0.403045,-2.163534,0.184085,-1.375045,0.421667,-0.67859]",[],,
CLEAN-053,dev,clean,false,clean,none,entity-0053,2026-01-20T19:43Z,2026-01-20T18:38Z,target_temperature_delta,"[""target_temperature"",""ambient_temperature""]",customer_facts,feature,2026-01-20T18:38Z,2026-01-20T18:38Z,2026-01-21T01:43Z,"[-0.067818,1.6105,1.242682,-2.293971,2.459,2.149281,2.065671,0.173758]",[],,
CLEAN-054,dev,clean,false,clean,none,entity-0054,2026-01-21T02:54Z,2026-01-21T02:39Z,package_label_print_delay,"[""label_print_date"",""scan_time""]",shipping_events,feature,2026-01-21T02:39Z,2026-01-21T02:39Z,2026-01-21T08:54Z,"[-2.139991,-0.463341,1.905511,1.83587,2.098962,0.26622,-1.874714,2.430736]",[],,
CLEAN-055,dev,clean,false,clean,none,entity-0055,2026-01-21T09:05Z,2026-01-21T08:40Z,customer_resolution_time_estimate,"[""ticket_open_time"",""agent_queue""]",customer_facts,feature,2026-01-21T08:40Z,2026-01-21T08:40Z,2026-01-21T15:05Z,"[-0.575811,-1.191161,-0.111035,1.898244,1.468141,-1.526408,0.235638,-0.414774]",[],,
CLEAN-056,dev,clean,false,clean,none,entity-0056,2026-01-21T16:16Z,2026-01-21T15:41Z,shipping_label_length,"[""shipping_label"",""package_weight""]",shipping_events,feature,2026-01-21T15:41Z,2026-01-21T15:41Z,2026-01-21T22:16Z,"[-1.384726,0.134252,0.535256,-0.320624,0.066381,1.732236,1.635327,1.711811]",[],,
CLEAN-057,dev,clean,false,clean,none,entity-0057,2026-01-21T23:27Z,2026-01-21T22:42Z,target_temperature_delta,"[""target_temperature"",""ambient_temperature""]",customer_facts,feature,2026-01-21T22:42Z,2026-01-21T22:42Z,2026-01-22T05:27Z,"[-0.54896,1.322372,0.481722,-1.793841,0.144036,-1.933645,2.049307,1.650463]",[],,
CLEAN-058,dev,clean,false,clean,none,entity-0058,2026-01-22T06:38Z,2026-01-22T05:43Z,package_label_print_delay,"[""label_print_date"",""scan_time""]",shipping_events,feature,2026-01-22T05:43Z,2026-01-22T05:43Z,2026-01-22T12:38Z,"[-1.505975,-0.378864,1.906568,-2.097099,-1.479111,1.737396,0.417205,1.206663]",[],,
CLEAN-059,dev,clean,false,clean,none,entity-0059,2026-01-22T13:49Z,2026-01-22T12:44Z,customer_resolution_time_estimate,"[""ticket_open_time"",""agent_queue""]",customer_facts,feature,2026-01-22T12:44Z,2026-01-22T12:44Z,2026-01-22T19:49Z,"[0.236172,1.070748,2.227802,-0.387992,1.22691,0.809725,-1.552293,1.901235]",[],,
CLEAN-060,heldout,clean,false,clean,none,entity-0060,2026-01-22T20:00Z,2026-01-22T19:45Z,shipping_label_length,"[""shipping_label"",""package_weight""]",shipping_events,feature,2026-01-22T19:45Z,2026-01-22T19:45Z,2026-01-23T02:00Z,"[1.748868,1.798515,0.672037,-1.296201,2.013508,0.27879,-1.065323,-1.634591]",[],,
CLEAN-061,heldout,clean,false,clean,none,entity-0061,2026-01-23T03:11Z,2026-01-23T02:46Z,target_temperature_delta,"[""target_temperature"",""ambient_temperature""]",customer_facts,feature,2026-01-23T02:46Z,2026-01-23T02:46Z,2026-01-23T09:11Z,"[-0.000654,1.402433,-1.337962,-2.052531,-0.319653,-1.986533,1.863261,1.883029]",[],,
CLEAN-062,heldout,clean,false,clean,none,entity-0062,2026-01-23T10:22Z,2026-01-23T09:47Z,package_label_print_delay,"[""label_print_date"",""scan_time""]",shipping_events,feature,2026-01-23T09:47Z,2026-01-23T09:47Z,2026-01-23T16:22Z,"[2.177733,2.026279,2.308537,2.417452,-0.599844,-1.776586,-0.221075,0.177113]",[],,
CLEAN-063,heldout,clean,false,clean,none,entity-0063,2026-01-23T17:33Z,2026-01-23T16:48Z,customer_resolution_time_estimate,"[""ticket_open_time"",""agent_queue""]",customer_facts,feature,2026-01-23T16:48Z,2026-01-23T16:48Z,2026-01-23T23:33Z,"[-0.708064,1.961843,-1.652222,-1.226758,-1.911998,1.116053,-1.767695,2.305713]",[],,
CLEAN-064,heldout,clean,false,clean,none,entity-0064,2026-01-24T00:44Z,2026-01-23T23:49Z,shipping_label_length,"[""shipping_label"",""package_weight""]",shipping_events,feature,2026-01-23T23:49Z,2026-01-23T23:49Z,2026-01-24T06:44Z,"[-0.683674,2.250521,1.054606,-0.6246,2.337509,0.130974,-2.421414,-1.383099]",[],,
CLEAN-065,heldout,clean,false,clean,none,entity-0065,2026-01-24T07:55Z,2026-01-24T06:50Z,target_temperature_delta,"[""target_temperature"",""ambient_temperature""]",customer_facts,feature,2026-01-24T06:50Z,2026-01-24T06:50Z,2026-01-24T13:55Z,"[2.248773,-0.67258,0.534759,2.008018,-0.42521,-0.120467,1.317388,1.227809]",[],,
CLEAN-066,heldout,clean,false,clean,none,entity-0066,2026-01-24T14:06Z,2026-01-24T13:51Z,package_label_print_delay,"[""label_print_date"",""scan_time""]",shipping_events,feature,2026-01-24T13:51Z,2026-01-24T13:51Z,2026-01-24T20:06Z,"[-2.027227,2.088083,1.892985,-0.300427,-2.267646,0.466677,-2.168493,2.289782]",[],,
CLEAN-067,heldout,clean,false,clean,none,entity-0067,2026-01-24T21:17Z,2026-01-24T20:52Z,customer_resolution_time_estimate,"[""ticket_open_time"",""agent_queue""]",customer_facts,feature,2026-01-24T20:52Z,2026-01-24T20:52Z,2026-01-25T03:17Z,"[-1.618867,1.642574,0.842847,0.500003,1.198225,-0.539415,1.309679,1.559996]",[],,
CLEAN-068,heldout,clean,false,clean,none,entity-0068,2026-01-25T04:28Z,2026-01-25T03:53Z,shipping_label_length,"[""shipping_label"",""package_weight""]",shipping_events,feature,2026-01-25T03:53Z,2026-01-25T03:53Z,2026-01-25T10:28Z,"[0.041204,0.535524,-0.017792,0.138387,2.264236,1.744686,-0.312682,2.458174]",[],,
CLEAN-069,heldout,clean,false,clean,none,entity-0069,2026-01-25T11:39Z,2026-01-25T10:54Z,target_temperature_delta,"[""target_temperature"",""ambient_temperature""]",customer_facts,feature,2026-01-25T10:54Z,2026-01-25T10:54Z,2026-01-25T17:39Z,"[1.118826,1.895222,1.023391,-2.102053,0.815054,1.784351,0.721681,-0.092224]",[],,
CLEAN-070,heldout,clean,false,clean,none,entity-0070,2026-01-25T18:50Z,2026-01-25T17:55Z,package_label_print_delay,"[""label_print_date"",""scan_time""]",shipping_events,feature,2026-01-25T17:55Z,2026-01-25T17:55Z,2026-01-26T00:50Z,"[0.397974,-0.901799,-1.401908,1.959455,0.392478,-1.303937,-1.9593,-1.812063]",[],,
CLEAN-071,heldout,clean,false,clean,none,entity-0071,2026-01-26T01:01Z,2026-01-25T23:56Z,customer_resolution_time_estimate,"[""ticket_open_time"",""agent_queue""]",customer_facts,feature,2026-01-25T23:56Z,2026-01-25T23:56Z,2026-01-26T07:01Z,"[-1.997994,-1.814016,-1.698225,2.236084,1.217619,-1.305545,2.436345,0.171034]",[],,
CLEAN-072,heldout,clean,false,clean,none,entity-0072,2026-01-26T08:12Z,2026-01-26T07:57Z,shipping_label_length,"[""shipping_label"",""package_weight""]",shipping_events,feature,2026-01-26T07:57Z,2026-01-26T07:57Z,2026-01-26T14:12Z,"[1.374841,-1.081239,0.479289,0.400161,1.770656,-0.953729,-1.049695,2.028955]",[],,
CLEAN-073,heldout,clean,false,clean,none,entity-0073,2026-01-26T15:23Z,2026-01-26T14:58Z,target_temperature_delta,"[""target_temperature"",""ambient_temperature""]",customer_facts,feature,2026-01-26T14:58Z,2026-01-26T14:58Z,2026-01-26T21:23Z,"[2.102643,-2.436119,1.103697,2.233488,2.01306,-1.550883,-1.724907,-0.699865]",[],,
CLEAN-074,heldout,clean,false,clean,none,entity-0074,2026-01-26T22:34Z,2026-01-26T21:59Z,package_label_print_delay,"[""label_print_date"",""scan_time""]",shipping_events,feature,2026-01-26T21:59Z,2026-01-26T21:59Z,2026-01-27T04:34Z,"[-1.126642,1.541475,-0.846163,0.070823,0.16935,-0.860288,-2.06132,-2.442753]",[],,
CLEAN-075,heldout,clean,false,clean,none,entity-0075,2026-01-27T05:45Z,2026-01-27T05:00Z,customer_resolution_time_estimate,"[""ticket_open_time"",""agent_queue""]",customer_facts,feature,2026-01-27T05:00Z,2026-01-27T05:00Z,2026-01-27T11:45Z,"[-2.050636,1.791377,0.192488,-1.550621,-0.849847,-1.700419,1.521238,0.624219]",[],,
CLEAN-076,heldout,clean,false,clean,none,entity-0076,2026-01-27T12:56Z,2026-01-27T12:01Z,shipping_label_length,"[""shipping_label"",""package_weight""]",shipping_events,feature,2026-01-27T12:01Z,2026-01-27T12:01Z,2026-01-27T18:56Z,"[1.658227,1.432991,-1.361796,-1.435062,0.892521,0.633649,-1.854877,-2.16768]",[],,
CLEAN-077,heldout,clean,false,clean,none,entity-0077,2026-01-27T19:07Z,2026-01-27T18:02Z,target_temperature_delta,"[""target_temperature"",""ambient_temperature""]",customer_facts,feature,2026-01-27T18:02Z,2026-01-27T18:02Z,2026-01-28T01:07Z,"[-1.742189,1.818761,-0.818224,-1.268484,0.68175,1.019922,2.049789,2.491932]",[],,
CLEAN-078,heldout,clean,false,clean,none,entity-0078,2026-01-28T02:18Z,2026-01-28T02:03Z,package_label_print_delay,"[""label_print_date"",""scan_time""]",shipping_events,feature,2026-01-28T02:03Z,2026-01-28T02:03Z,2026-01-28T08:18Z,"[-1.677817,0.583744,-2.183992,1.116683,-0.865928,-0.518007,0.609565,2.099482]",[],,
CLEAN-079,heldout,clean,false,clean,none,entity-0079,2026-01-28T09:29Z,2026-01-28T09:04Z,customer_resolution_time_estimate,"[""ticket_open_time"",""agent_queue""]",customer_facts,feature,2026-01-28T09:04Z,2026-01-28T09:04Z,2026-01-28T15:29Z,"[-0.432225,0.385929,-2.110941,-0.870773,-0.828982,-1.752827,-0.61677,0.977428]",[],,
CLEAN-080,heldout,clean,false,clean,none,entity-0080,2026-01-28T16:40Z,2026-01-28T16:05Z,shipping_label_length,"[""shipping_label"",""package_weight""]",shipping_events,feature,2026-01-28T16:05Z,2026-01-28T16:05Z,2026-01-28T22:40Z,"[-0.313453,-1.904732,-2.31643,2.063738,-1.525483,1.349907,-0.708521,0.217706]",[],,
CLEAN-081,heldout,clean,false,clean,none,entity-0081,2026-01-28T23:51Z,2026-01-28T23:06Z,target_temperature_delta,"[""target_temperature"",""ambient_temperature""]",customer_facts,feature,2026-01-28T23:06Z,2026-01-28T23:06Z,2026-01-29T05:51Z,"[-0.300053,-1.049096,-1.848904,-1.645885,-1.930047,-1.65422,1.273887,2.499435]",[],,
CLEAN-082,heldout,clean,false,clean,none,entity-0082,2026-01-29T06:02Z,2026-01-29T05:07Z,package_label_print_delay,"[""label_print_date"",""scan_time""]",shipping_events,feature,2026-01-29T05:07Z,2026-01-29T05:07Z,2026-01-29T12:02Z,"[-1.276719,0.297883,-2.366453,1.396966,-0.209456,-0.935847,1.782228,0.113792]",[],,
CLEAN-083,heldout,clean,false,clean,none,entity-0083,2026-01-29T13:13Z,2026-01-29T12:08Z,customer_resolution_time_estimate,"[""ticket_open_time"",""agent_queue""]",customer_facts,feature,2026-01-29T12:08Z,2026-01-29T12:08Z,2026-01-29T19:13Z,"[1.286526,0.867544,-0.786105,0.404859,1.346776,-0.956494,-1.665096,-2.179493]",[],,
CLEAN-084,heldout,clean,false,clean,none,entity-0084,2026-01-29T20:24Z,2026-01-29T20:09Z,shipping_label_length,"[""shipping_label"",""package_weight""]",shipping_events,feature,2026-01-29T20:09Z,2026-01-29T20:09Z,2026-01-30T02:24Z,"[0.997801,-2.0874,-2.071838,0.095724,1.581021,1.873915,-2.488512,-0.01251]",[],,
CLEAN-085,heldout,clean,false,clean,none,entity-0085,2026-01-30T03:35Z,2026-01-30T03:10Z,target_temperature_delta,"[""target_temperature"",""ambient_temperature""]",customer_facts,feature,2026-01-30T03:10Z,2026-01-30T03:10Z,2026-01-30T09:35Z,"[2.379912,-1.628975,-1.751604,1.286202,-2.156134,-2.214499,-1.163632,0.392317]",[],,
CLEAN-086,heldout,clean,false,clean,none,entity-0086,2026-01-30T10:46Z,2026-01-30T10:11Z,package_label_print_delay,"[""label_print_date"",""scan_time""]",shipping_events,feature,2026-01-30T10:11Z,2026-01-30T10:11Z,2026-01-30T16:46Z,"[1.54166,1.99872,1.527117,-0.916788,-1.441317,-0.999959,0.014249,-0.507528]",[],,
CLEAN-087,heldout,clean,false,clean,none,entity-0087,2026-01-30T17:57Z,2026-01-30T17:12Z,customer_resolution_time_estimate,"[""ticket_open_time"",""agent_queue""]",customer_facts,feature,2026-01-30T17:12Z,2026-01-30T17:12Z,2026-01-30T23:57Z,"[-2.480062,0.638973,-1.131246,-0.158398,0.869674,0.106055,-1.19144,-0.925401]",[],,
CLEAN-088,heldout,clean,false,clean,none,entity-0088,2026-01-31T00:08Z,2026-01-30T23:13Z,shipping_label_length,"[""shipping_label"",""package_weight""]",shipping_events,feature,2026-01-30T23:13Z,2026-01-30T23:13Z,2026-01-31T06:08Z,"[-0.220782,-1.784435,-1.395035,2.080065,1.226992,1.041436,-2.107361,0.806324]",[],,
CLEAN-089,heldout,clean,false,clean,none,entity-0089,2026-01-31T07:19Z,2026-01-31T06:14Z,target_temperature_delta,"[""target_temperature"",""ambient_temperature""]",customer_facts,feature,2026-01-31T06:14Z,2026-01-31T06:14Z,2026-01-31T13:19Z,"[-2.06467,0.487068,-1.372078,1.736156,-2.317212,-0.965591,-1.664554,-1.027376]",[],,
CLEAN-090,heldout,clean,false,clean,none,entity-0090,2026-01-31T14:30Z,2026-01-31T14:15Z,package_label_print_delay,"[""label_print_date"",""scan_time""]",shipping_events,feature,2026-01-31T14:15Z,2026-01-31T14:15Z,2026-01-31T20:30Z,"[2.174431,-1.842943,0.347372,1.650755,-0.165551,1.081788,-1.583125,2.005912]",[],,
CLEAN-091,heldout,clean,false,clean,none,entity-0091,2026-01-31T21:41Z,2026-01-31T21:16Z,customer_resolution_time_estimate,"[""ticket_open_time"",""agent_queue""]",customer_facts,feature,2026-01-31T21:16Z,2026-01-31T21:16Z,2026-02-01T03:41Z,"[1.089308,-1.815744,-0.779605,1.104888,0.85029,-0.874996,0.630662,-1.047677]",[],,
CLEAN-092,heldout,clean,false,clean,none,entity-0092,2026-02-01T04:52Z,2026-02-01T04:17Z,shipping_label_length,"[""shipping_label"",""package_weight""]",shipping_events,feature,2026-02-01T04:17Z,2026-02-01T04:17Z,2026-02-01T10:52Z,"[-0.217582,-2.490475,-1.726979,-2.397731,-2.345604,-0.584285,0.392898,0.056201]",[],,
CLEAN-093,heldout,clean,false,clean,none,entity-0093,2026-02-01T11:03Z,2026-02-01T10:18Z,target_temperature_delta,"[""target_temperature"",""ambient_temperature""]",customer_facts,feature,2026-02-01T10:18Z,2026-02-01T10:18Z,2026-02-01T17:03Z,"[-0.504819,-1.676624,0.41512,-0.533658,0.4549,0.769308,-1.983128,-1.136662]",[],,
CLEAN-094,heldout,clean,false,clean,none,entity-0094,2026-02-01T18:14Z,2026-02-01T17:19Z,package_label_print_delay,"[""label_print_date"",""scan_time""]",shipping_events,feature,2026-02-01T17:19Z,2026-02-01T17:19Z,2026-02-02T00:14Z,"[1.542352,-1.314072,1.278087,0.157816,-1.275311,-1.447532,1.67881,-0.565709]",[],,
CLEAN-095,heldout,clean,false,clean,none,entity-0095,2026-02-02T01:25Z,2026-02-02T00:20Z,customer_resolution_time_estimate,"[""ticket_open_time"",""agent_queue""]",customer_facts,feature,2026-02-02T00:20Z,2026-02-02T00:20Z,2026-02-02T07:25Z,"[1.703766,-2.010677,-0.693709,1.77094,0.939709,1.285084,-1.085318,1.915356]",[],,
CLEAN-096,heldout,clean,false,clean,none,entity-0096,2026-01-05T08:36Z,2026-01-05T08:21Z,shipping_label_length,"[""shipping_label"",""package_weight""]",shipping_events,feature,2026-01-05T08:21Z,2026-01-05T08:21Z,2026-01-05T14:36Z,"[0.859783,1.502914,1.297051,-2.410086,1.741608,2.38516,-0.12949,0.751153]",[],,
CLEAN-097,heldout,clean,false,clean,none,entity-0097,2026-01-05T15:47Z,2026-01-05T15:22Z,target_temperature_delta,"[""target_temperature"",""ambient_temperature""]",customer_facts,feature,2026-01-05T15:22Z,2026-01-05T15:22Z,2026-01-05T21:47Z,"[-2.383793,2.095665,-1.515569,0.620049,2.191282,-0.740631,1.566411,-0.875885]",[],,
CLEAN-098,heldout,clean,false,clean,none,entity-0098,2026-01-05T22:58Z,2026-01-05T22:23Z,package_label_print_delay,"[""label_print_date"",""scan_time""]",shipping_events,feature,2026-01-05T22:23Z,2026-01-05T22:23Z,2026-01-06T04:58Z,"[-0.349388,0.956426,-1.330966,0.668076,-2.015633,1.534272,1.659456,0.834248]",[],,
CLEAN-099,heldout,clean,false,clean,none,entity-0099,2026-01-06T05:09Z,2026-01-06T04:24Z,customer_resolution_time_estimate,"[""ticket_open_time"",""agent_queue""]",customer_facts,feature,2026-01-06T04:24Z,2026-01-06T04:24Z,2026-01-06T11:09Z,"[2.177019,-1.698468,0.980714,0.299249,-1.970499,-1.16313,-0.518841,-0.511648]",[],,
TEMPORAL-000,dev,leakage,true,direct_temporal,low,entity-1000,2026-01-06T12:20Z,2026-01-06T12:25Z,event_delta(login_count),"[""login_count"",""event_time""]",account_events,feature,2026-01-06T12:25Z,2026-01-06T12:25Z,2026-01-06T18:20Z,"[-0.227897,2.480501,0.506409,0.241994,-0.008243,0.953402,-1.644424,-2.485057]",[],,
TEMPORAL-001,dev,leakage,true,direct_temporal,medium,entity-1001,2026-01-06T19:31Z,2026-01-06T20:31Z,latest(account_balance),"[""account_balance"",""event_time""]",account_events,feature,2026-01-06T20:31Z,2026-01-06T20:31Z,2026-01-07T01:31Z,"[-0.150966,2.109809,0.241744,0.71916,-0.497733,0.11825,0.919625,-0.918746]",[],,
TEMPORAL-002,dev,leakage,true,direct_temporal,high,entity-1002,2026-01-07T02:42Z,2026-01-08T02:42Z,event_delta(login_count),"[""login_count"",""event_time""]",account_events,feature,2026-01-08T02:42Z,2026-01-08T02:42Z,2026-01-07T08:42Z,"[1.443839,-2.333162,1.495769,0.747159,1.894843,-1.388709,-0.507447,-2.321441]",[],,
TEMPORAL-003,dev,leakage,true,direct_temporal,low,entity-1003,2026-01-07T09:53Z,2026-01-07T09:58Z,latest(account_balance),"[""account_balance"",""event_time""]",account_events,feature,2026-01-07T09:58Z,2026-01-07T09:58Z,2026-01-07T15:53Z,"[1.912896,0.601329,-1.925818,-0.472533,-1.320658,-0.495875,1.283112,1.844309]",[],,
TEMPORAL-004,dev,leakage,true,direct_temporal,medium,entity-1004,2026-01-07T16:04Z,2026-01-07T17:04Z,event_delta(login_count),"[""login_count"",""event_time""]",account_events,feature,2026-01-07T17:04Z,2026-01-07T17:04Z,2026-01-07T22:04Z,"[0.440729,-1.32259,0.112473,1.937958,1.578904,-1.790383,1.147099,2.149828]",[],,
TEMPORAL-005,dev,leakage,true,direct_temporal,high,entity-1005,2026-01-07T23:15Z,2026-01-08T23:15Z,latest(account_balance),"[""account_balance"",""event_time""]",account_events,feature,2026-01-08T23:15Z,2026-01-08T23:15Z,2026-01-08T05:15Z,"[-0.212528,-2.297718,-1.527499,1.558583,1.219228,2.312702,-0.463993,1.719017]",[],,
TEMPORAL-006,dev,leakage,true,direct_temporal,low,entity-1006,2026-01-08T06:26Z,2026-01-08T06:31Z,event_delta(login_count),"[""login_count"",""event_time""]",account_events,feature,2026-01-08T06:31Z,2026-01-08T06:31Z,2026-01-08T12:26Z,"[0.168689,1.057781,-1.791609,-1.270349,2.475344,-0.657375,1.929576,-0.557863]",[],,
TEMPORAL-007,dev,leakage,true,direct_temporal,medium,entity-1007,2026-01-08T13:37Z,2026-01-08T14:37Z,latest(account_balance),"[""account_balance"",""event_time""]",account_events,feature,2026-01-08T14:37Z,2026-01-08T14:37Z,2026-01-08T19:37Z,"[0.185363,-2.295218,-2.416776,-1.272849,2.098482,0.566315,1.397322,-2.038175]",[],,
TEMPORAL-008,dev,leakage,true,direct_temporal,high,entity-1008,2026-01-08T20:48Z,2026-01-09T20:48Z,event_delta(login_count),"[""login_count"",""event_time""]",account_events,feature,2026-01-09T20:48Z,2026-01-09T20:48Z,2026-01-09T02:48Z,"[2.1279,1.307046,0.058183,-1.480312,0.167914,-0.938633,-1.921781,-0.483678]",[],,
TEMPORAL-009,dev,leakage,true,direct_temporal,low,entity-1009,2026-01-09T03:59Z,2026-01-09T04:04Z,latest(account_balance),"[""account_balance"",""event_time""]",account_events,feature,2026-01-09T04:04Z,2026-01-09T04:04Z,2026-01-09T09:59Z,"[-2.216301,1.080584,1.773413,2.277788,-1.9987,1.908504,-2.454574,-0.967585]",[],,
TEMPORAL-010,dev,leakage,true,direct_temporal,medium,entity-1010,2026-01-09T10:10Z,2026-01-09T11:10Z,event_delta(login_count),"[""login_count"",""event_time""]",account_events,feature,2026-01-09T11:10Z,2026-01-09T11:10Z,2026-01-09T16:10Z,"[1.467397,0.95373,0.151283,0.235283,-1.0925,-1.750235,0.041724,-0.02381]",[],,
TEMPORAL-011,dev,leakage,true,direct_temporal,high,entity-1011,2026-01-09T17:21Z,2026-01-10T17:21Z,latest(account_balance),"[""account_balance"",""event_time""]",account_events,feature,2026-01-10T17:21Z,2026-01-10T17:21Z,2026-01-09T23:21Z,"[0.671709,-0.346851,-2.41806,-1.462036,2.061874,-0.787704,-0.768979,-1.670908]",[],,
TEMPORAL-012,dev,leakage,true,direct_temporal,low,entity-1012,2026-01-10T00:32Z,2026-01-10T00:37Z,event_delta(login_count),"[""login_count"",""event_time""]",account_events,feature,2026-01-10T00:37Z,2026-01-10T00:37Z,2026-01-10T06:32Z,"[-2.027815,-0.330518,-2.048938,-1.662334,-1.242927,-1.586358,-0.01493,-0.827498]",[],,
TEMPORAL-013,dev,leakage,true,direct_temporal,medium,entity-1013,2026-01-10T07:43Z,2026-01-10T08:43Z,latest(account_balance),"[""account_balance"",""event_time""]",account_events,feature,2026-01-10T08:43Z,2026-01-10T08:43Z,2026-01-10T13:43Z,"[1.919924,-0.368348,1.780473,1.382724,2.117462,-2.334071,2.421051,-1.007]",[],,
TEMPORAL-014,dev,leakage,true,direct_temporal,high,entity-1014,2026-01-10T14:54Z,2026-01-11T14:54Z,event_delta(login_count),"[""login_count"",""event_time""]",account_events,feature,2026-01-11T14:54Z,2026-01-11T14:54Z,2026-01-10T20:54Z,"[2.422095,0.766726,-1.781921,1.765628,-1.738237,0.121832,0.638624,0.900542]",[],,
TEMPORAL-015,dev,leakage,true,direct_temporal,low,entity-1015,2026-01-10T21:05Z,2026-01-10T21:10Z,latest(account_balance),"[""account_balance"",""event_time""]",account_events,feature,2026-01-10T21:10Z,2026-01-10T21:10Z,2026-01-11T03:05Z,"[-1.044409,0.913471,-2.097924,-1.976177,-0.591338,0.460888,0.806939,1.894276]",[],,
TEMPORAL-016,dev,leakage,true,direct_temporal,medium,entity-1016,2026-01-11T04:16Z,2026-01-11T05:16Z,event_delta(login_count),"[""login_count"",""event_time""]",account_events,feature,2026-01-11T05:16Z,2026-01-11T05:16Z,2026-01-11T10:16Z,"[2.073237,-0.029599,2.015353,0.0427,-0.181427,0.830189,1.414121,-0.976301]",[],,
TEMPORAL-017,dev,leakage,true,direct_temporal,high,entity-1017,2026-01-11T11:27Z,2026-01-12T11:27Z,latest(account_balance),"[""account_balance"",""event_time""]",account_events,feature,2026-01-12T11:27Z,2026-01-12T11:27Z,2026-01-11T17:27Z,"[-1.657536,1.290523,1.808234,-0.87539,0.794969,0.589825,1.518955,0.467803]",[],,
TEMPORAL-018,dev,leakage,true,direct_temporal,low,entity-1018,2026-01-11T18:38Z,2026-01-11T18:43Z,event_delta(login_count),"[""login_count"",""event_time""]",account_events,feature,2026-01-11T18:43Z,2026-01-11T18:43Z,2026-01-12T00:38Z,"[0.03958,-0.367732,-1.713227,0.744736,1.971346,0.6517,0.028676,-0.532864]",[],,
TEMPORAL-019,dev,leakage,true,direct_temporal,medium,entity-1019,2026-01-12T01:49Z,2026-01-12T02:49Z,latest(account_balance),"[""account_balance"",""event_time""]",account_events,feature,2026-01-12T02:49Z,2026-01-12T02:49Z,2026-01-12T07:49Z,"[2.216423,-1.669058,2.256517,-0.208278,-0.832866,-2.1855,0.106539,-0.318866]",[],,
TEMPORAL-020,dev,leakage,true,direct_temporal,high,entity-1020,2026-01-12T08:00Z,2026-01-13T08:00Z,event_delta(login_count),"[""login_count"",""event_time""]",account_events,feature,2026-01-13T08:00Z,2026-01-13T08:00Z,2026-01-12T14:00Z,"[-0.529356,-0.195405,1.944202,-1.755394,2.268903,1.365664,2.299335,-0.633279]",[],,
TEMPORAL-021,dev,leakage,true,direct_temporal,low,entity-1021,2026-01-12T15:11Z,2026-01-12T15:16Z,latest(account_balance),"[""account_balance"",""event_time""]",account_events,feature,2026-01-12T15:16Z,2026-01-12T15:16Z,2026-01-12T21:11Z,"[1.511211,-1.461379,1.893731,-2.319396,2.032218,-0.280381,1.471915,1.758527]",[],,
TEMPORAL-022,dev,leakage,true,direct_temporal,medium,entity-1022,2026-01-12T22:22Z,2026-01-12T23:22Z,event_delta(login_count),"[""login_count"",""event_time""]",account_events,feature,2026-01-12T23:22Z,2026-01-12T23:22Z,2026-01-13T04:22Z,"[-0.457165,0.517588,1.119025,0.9551,-0.84255,0.174516,-0.17326,-1.627677]",[],,
TEMPORAL-023,dev,leakage,true,direct_temporal,high,entity-1023,2026-01-13T05:33Z,2026-01-14T05:33Z,latest(account_balance),"[""account_balance"",""event_time""]",account_events,feature,2026-01-14T05:33Z,2026-01-14T05:33Z,2026-01-13T11:33Z,"[-0.749467,-1.797879,-1.677484,-0.749085,0.562792,1.790759,1.984246,-0.504963]",[],,
TEMPORAL-024,heldout,leakage,true,direct_temporal,low,entity-1024,2026-01-13T12:44Z,2026-01-13T12:49Z,event_delta(login_count),"[""login_count"",""event_time""]",account_events,feature,2026-01-13T12:49Z,2026-01-13T12:49Z,2026-01-13T18:44Z,"[-1.503706,-0.990487,1.991937,1.719032,0.327541,-0.080426,0.271598,0.791475]",[],,
TEMPORAL-025,heldout,leakage,true,direct_temporal,medium,entity-1025,2026-01-13T19:55Z,2026-01-13T20:55Z,latest(account_balance),"[""account_balance"",""event_time""]",account_events,feature,2026-01-13T20:55Z,2026-01-13T20:55Z,2026-01-14T01:55Z,"[0.379107,0.144044,-0.91616,0.731286,0.147986,2.105597,1.630536,-0.90532]",[],,
TEMPORAL-026,heldout,leakage,true,direct_temporal,high,entity-1026,2026-01-14T02:06Z,2026-01-15T02:06Z,event_delta(login_count),"[""login_count"",""event_time""]",account_events,feature,2026-01-15T02:06Z,2026-01-15T02:06Z,2026-01-14T08:06Z,"[-0.146763,-0.310005,-1.180605,-1.717584,-1.299471,1.57048,0.785208,2.411537]",[],,
TEMPORAL-027,heldout,leakage,true,direct_temporal,low,entity-1027,2026-01-14T09:17Z,2026-01-14T09:22Z,latest(account_balance),"[""account_balance"",""event_time""]",account_events,feature,2026-01-14T09:22Z,2026-01-14T09:22Z,2026-01-14T15:17Z,"[2.083958,1.449902,2.074837,-0.659801,-2.151231,-0.761139,0.937493,-1.832269]",[],,
TEMPORAL-028,heldout,leakage,true,direct_temporal,medium,entity-1028,2026-01-14T16:28Z,2026-01-14T17:28Z,event_delta(login_count),"[""login_count"",""event_time""]",account_events,feature,2026-01-14T17:28Z,2026-01-14T17:28Z,2026-01-14T22:28Z,"[-1.7579,0.703757,-0.882873,0.611971,0.399982,1.436459,2.295674,1.725432]",[],,
TEMPORAL-029,heldout,leakage,true,direct_temporal,high,entity-1029,2026-01-14T23:39Z,2026-01-15T23:39Z,latest(account_balance),"[""account_balance"",""event_time""]",account_events,feature,2026-01-15T23:39Z,2026-01-15T23:39Z,2026-01-15T05:39Z,"[-0.776753,0.981324,2.449283,-2.113739,-0.360862,-1.109756,-1.265973,-0.45375]",[],,
TEMPORAL-030,heldout,leakage,true,direct_temporal,low,entity-1030,2026-01-15T06:50Z,2026-01-15T06:55Z,event_delta(login_count),"[""login_count"",""event_time""]",account_events,feature,2026-01-15T06:55Z,2026-01-15T06:55Z,2026-01-15T12:50Z,"[2.216062,1.059454,0.567046,2.025433,0.654868,1.690589,0.684327,1.773263]",[],,
TEMPORAL-031,heldout,leakage,true,direct_temporal,medium,entity-1031,2026-01-15T13:01Z,2026-01-15T14:01Z,latest(account_balance),"[""account_balance"",""event_time""]",account_events,feature,2026-01-15T14:01Z,2026-01-15T14:01Z,2026-01-15T19:01Z,"[2.077676,2.495686,2.272512,0.027049,0.255369,-1.498319,-2.453334,-2.458503]",[],,
TEMPORAL-032,heldout,leakage,true,direct_temporal,high,entity-1032,2026-01-15T20:12Z,2026-01-16T20:12Z,event_delta(login_count),"[""login_count"",""event_time""]",account_events,feature,2026-01-16T20:12Z,2026-01-16T20:12Z,2026-01-16T02:12Z,"[1.611839,0.144601,-0.038643,-2.363091,2.340656,-0.501409,0.502216,1.242618]",[],,
TEMPORAL-033,heldout,leakage,true,direct_temporal,low,entity-1033,2026-01-16T03:23Z,2026-01-16T03:28Z,latest(account_balance),"[""account_balance"",""event_time""]",account_events,feature,2026-01-16T03:28Z,2026-01-16T03:28Z,2026-01-16T09:23Z,"[-0.566857,-2.281639,-0.850186,0.605688,1.141311,2.159849,1.062632,-1.697519]",[],,
TEMPORAL-034,heldout,leakage,true,direct_temporal,medium,entity-1034,2026-01-16T10:34Z,2026-01-16T11:34Z,event_delta(login_count),"[""login_count"",""event_time""]",account_events,feature,2026-01-16T11:34Z,2026-01-16T11:34Z,2026-01-16T16:34Z,"[-1.187871,-1.387654,1.37995,-1.779998,1.173869,-0.029298,-2.121467,-0.569544]",[],,
TEMPORAL-035,heldout,leakage,true,direct_temporal,high,entity-1035,2026-01-16T17:45Z,2026-01-17T17:45Z,latest(account_balance),"[""account_balance"",""event_time""]",account_events,feature,2026-01-17T17:45Z,2026-01-17T17:45Z,2026-01-16T23:45Z,"[-2.350438,0.105771,2.378722,0.926528,0.071769,-1.615813,2.165117,0.417064]",[],,
TEMPORAL-036,heldout,leakage,true,direct_temporal,low,entity-1036,2026-01-17T00:56Z,2026-01-17T01:01Z,event_delta(login_count),"[""login_count"",""event_time""]",account_events,feature,2026-01-17T01:01Z,2026-01-17T01:01Z,2026-01-17T06:56Z,"[2.340934,-1.834589,2.270522,-0.88487,-0.612746,-1.391344,0.545683,-0.022974]",[],,
TEMPORAL-037,heldout,leakage,true,direct_temporal,medium,entity-1037,2026-01-17T07:07Z,2026-01-17T08:07Z,latest(account_balance),"[""account_balance"",""event_time""]",account_events,feature,2026-01-17T08:07Z,2026-01-17T08:07Z,2026-01-17T13:07Z,"[-1.662006,-0.678573,-1.937185,-0.950877,-1.651395,-2.050096,1.801534,-2.014003]",[],,
TEMPORAL-038,heldout,leakage,true,direct_temporal,high,entity-1038,2026-01-17T14:18Z,2026-01-18T14:18Z,event_delta(login_count),"[""login_count"",""event_time""]",account_events,feature,2026-01-18T14:18Z,2026-01-18T14:18Z,2026-01-17T20:18Z,"[-1.366822,1.626393,-2.154485,0.625222,-0.39764,0.991063,-2.421791,-0.847787]",[],,
TEMPORAL-039,heldout,leakage,true,direct_temporal,low,entity-1039,2026-01-17T21:29Z,2026-01-17T21:34Z,latest(account_balance),"[""account_balance"",""event_time""]",account_events,feature,2026-01-17T21:34Z,2026-01-17T21:34Z,2026-01-18T03:29Z,"[1.584516,0.78117,0.833283,0.550498,-0.895911,2.198595,2.163522,-2.35362]",[],,
AGGREGATION-000,dev,leakage,true,future_aggregation,low,entity-2000,2026-01-18T04:40Z,2026-01-18T04:05Z,"count(events, window='7d')","[""event_id"",""event_time""]",transactions_v2,feature,2026-01-18T05:10Z,2026-01-18T05:00Z,2026-01-18T10:40Z,"[-0.766199,2.275858,-0.808749,0.677361,-0.579478,-0.761918,0.002175,-1.853105]",[],,
AGGREGATION-001,dev,leakage,true,future_aggregation,medium,entity-2001,2026-01-18T11:51Z,2026-01-18T11:06Z,"rolling_mean(transaction_amount, window='24h')","[""transaction_amount"",""event_time""]",transactions_v2,feature,2026-01-18T14:51Z,2026-01-18T14:41Z,2026-01-18T17:51Z,"[2.437754,-0.653728,-0.72541,-0.667175,2.300265,0.81973,1.943333,2.211601]",[],,
AGGREGATION-002,dev,leakage,true,future_aggregation,high,entity-2002,2026-01-18T18:02Z,2026-01-18T17:07Z,"count(events, window='7d')","[""event_id"",""event_time""]",transactions_v2,feature,2026-01-19T18:02Z,2026-01-19T17:52Z,2026-01-19T00:02Z,"[0.832644,2.122193,0.903542,-1.42019,1.134763,-0.856811,-2.244873,2.262494]",[],,
AGGREGATION-003,dev,leakage,true,future_aggregation,low,entity-2003,2026-01-19T01:13Z,2026-01-19T00:08Z,"rolling_mean(transaction_amount, window='24h')","[""transaction_amount"",""event_time""]",transactions_v2,feature,2026-01-19T01:43Z,2026-01-19T01:33Z,2026-01-19T07:13Z,"[-1.45043,-0.193463,-1.470915,-1.224777,-0.411233,-2.037062,-0.453641,-1.132829]",[],,
AGGREGATION-004,dev,leakage,true,future_aggregation,medium,entity-2004,2026-01-19T08:24Z,2026-01-19T08:09Z,"count(events, window='7d')","[""event_id"",""event_time""]",transactions_v2,feature,2026-01-19T11:24Z,2026-01-19T11:14Z,2026-01-19T14:24Z,"[-1.709257,2.183309,-0.432965,-0.474007,1.818452,1.125252,-0.283685,2.067282]",[],,
AGGREGATION-005,dev,leakage,true,future_aggregation,high,entity-2005,2026-01-19T15:35Z,2026-01-19T15:10Z,"rolling_mean(transaction_amount, window='24h')","[""transaction_amount"",""event_time""]",transactions_v2,feature,2026-01-20T15:35Z,2026-01-20T15:25Z,2026-01-19T21:35Z,"[-1.160108,-2.02884,-0.068181,-0.381565,0.149461,1.914435,-2.007957,0.484761]",[],,
AGGREGATION-006,dev,leakage,true,future_aggregation,low,entity-2006,2026-01-19T22:46Z,2026-01-19T22:11Z,"count(events, window='7d')","[""event_id"",""event_time""]",transactions_v2,feature,2026-01-19T23:16Z,2026-01-19T23:06Z,2026-01-20T04:46Z,"[-1.777344,-0.868074,-2.114409,2.39574,-0.643752,1.257552,-1.346672,0.736882]",[],,
AGGREGATION-007,dev,leakage,true,future_aggregation,medium,entity-2007,2026-01-20T05:57Z,2026-01-20T05:12Z,"rolling_mean(transaction_amount, window='24h')","[""transaction_amount"",""event_time""]",transactions_v2,feature,2026-01-20T08:57Z,2026-01-20T08:47Z,2026-01-20T11:57Z,"[0.679853,-0.179971,2.235825,1.006148,-2.276907,-0.958871,-1.321156,-0.116621]",[],,
AGGREGATION-008,dev,leakage,true,future_aggregation,high,entity-2008,2026-01-20T12:08Z,2026-01-20T11:13Z,"count(events, window='7d')","[""event_id"",""event_time""]",transactions_v2,feature,2026-01-21T12:08Z,2026-01-21T11:58Z,2026-01-20T18:08Z,"[-1.361458,1.828602,2.037909,0.2657,1.262333,-1.660922,-1.626049,-2.067053]",[],,
AGGREGATION-009,dev,leakage,true,future_aggregation,low,entity-2009,2026-01-20T19:19Z,2026-01-20T18:14Z,"rolling_mean(transaction_amount, window='24h')","[""transaction_amount"",""event_time""]",transactions_v2,feature,2026-01-20T19:49Z,2026-01-20T19:39Z,2026-01-21T01:19Z,"[-0.615506,-1.670785,1.984668,-0.251567,-2.496085,0.580481,-2.453246,2.235315]",[],,
AGGREGATION-010,dev,leakage,true,future_aggregation,medium,entity-2010,2026-01-21T02:30Z,2026-01-21T02:15Z,"count(events, window='7d')","[""event_id"",""event_time""]",transactions_v2,feature,2026-01-21T05:30Z,2026-01-21T05:20Z,2026-01-21T08:30Z,"[1.745215,-0.986436,-0.41473,1.684656,-1.207195,-1.935602,2.161485,-0.667597]",[],,
AGGREGATION-011,dev,leakage,true,future_aggregation,high,entity-2011,2026-01-21T09:41Z,2026-01-21T09:16Z,"rolling_mean(transaction_amount, window='24h')","[""transaction_amount"",""event_time""]",transactions_v2,feature,2026-01-22T09:41Z,2026-01-22T09:31Z,2026-01-21T15:41Z,"[1.727136,-0.146082,2.115855,-0.068883,-0.742225,0.203159,0.450885,-0.245843]",[],,
AGGREGATION-012,dev,leakage,true,future_aggregation,low,entity-2012,2026-01-21T16:52Z,2026-01-21T16:17Z,"count(events, window='7d')","[""event_id"",""event_time""]",transactions_v2,feature,2026-01-21T17:22Z,2026-01-21T17:12Z,2026-01-21T22:52Z,"[2.134807,0.481546,-1.66803,-2.357417,0.568989,0.961648,-0.185634,0.512374]",[],,
AGGREGATION-013,dev,leakage,true,future_aggregation,medium,entity-2013,2026-01-21T23:03Z,2026-01-21T22:18Z,"rolling_mean(transaction_amount, window='24h')","[""transaction_amount"",""event_time""]",transactions_v2,feature,2026-01-22T02:03Z,2026-01-22T01:53Z,2026-01-22T05:03Z,"[-2.156184,-1.523725,0.180108,2.13609,-1.945503,-1.148015,-2.296217,-2.176018]",[],,
AGGREGATION-014,dev,leakage,true,future_aggregation,high,entity-2014,2026-01-22T06:14Z,2026-01-22T05:19Z,"count(events, window='7d')","[""event_id"",""event_time""]",transactions_v2,feature,2026-01-23T06:14Z,2026-01-23T06:04Z,2026-01-22T12:14Z,"[0.476619,0.635542,-0.966103,-1.996722,-1.015133,-0.441704,1.24806,0.169091]",[],,
AGGREGATION-015,dev,leakage,true,future_aggregation,low,entity-2015,2026-01-22T13:25Z,2026-01-22T12:20Z,"rolling_mean(transaction_amount, window='24h')","[""transaction_amount"",""event_time""]",transactions_v2,feature,2026-01-22T13:55Z,2026-01-22T13:45Z,2026-01-22T19:25Z,"[-1.527328,0.757706,1.406025,0.46855,0.266735,-2.180248,-1.637223,-0.291861]",[],,
AGGREGATION-016,dev,leakage,true,future_aggregation,medium,entity-2016,2026-01-22T20:36Z,2026-01-22T20:21Z,"count(events, window='7d')","[""event_id"",""event_time""]",transactions_v2,feature,2026-01-22T23:36Z,2026-01-22T23:26Z,2026-01-23T02:36Z,"[-1.853823,-2.256436,-0.949788,-1.561163,-2.058642,-1.924255,1.600455,1.626113]",[],,
AGGREGATION-017,dev,leakage,true,future_aggregation,high,entity-2017,2026-01-23T03:47Z,2026-01-23T03:22Z,"rolling_mean(transaction_amount, window='24h')","[""transaction_amount"",""event_time""]",transactions_v2,feature,2026-01-24T03:47Z,2026-01-24T03:37Z,2026-01-23T09:47Z,"[0.431204,-1.909259,-0.630779,-1.67279,2.314921,-1.80079,-0.021073,2.136021]",[],,
AGGREGATION-018,dev,leakage,true,future_aggregation,low,entity-2018,2026-01-23T10:58Z,2026-01-23T10:23Z,"count(events, window='7d')","[""event_id"",""event_time""]",transactions_v2,feature,2026-01-23T11:28Z,2026-01-23T11:18Z,2026-01-23T16:58Z,"[-0.824781,-0.305258,-0.713792,-0.17025,1.133919,-0.106658,0.697457,-1.029872]",[],,
AGGREGATION-019,dev,leakage,true,future_aggregation,medium,entity-2019,2026-01-23T17:09Z,2026-01-23T16:24Z,"rolling_mean(transaction_amount, window='24h')","[""transaction_amount"",""event_time""]",transactions_v2,feature,2026-01-23T20:09Z,2026-01-23T19:59Z,2026-01-23T23:09Z,"[-1.720999,-1.460841,-1.48419,2.303697,0.87813,-1.691269,0.520188,0.208532]",[],,
AGGREGATION-020,dev,leakage,true,future_aggregation,high,entity-2020,2026-01-24T00:20Z,2026-01-23T23:25Z,"count(events, window='7d')","[""event_id"",""event_time""]",transactions_v2,feature,2026-01-25T00:20Z,2026-01-25T00:10Z,2026-01-24T06:20Z,"[-2.116475,1.985247,1.639832,-0.997812,1.337944,-0.751104,1.807909,-0.939603]",[],,
AGGREGATION-021,dev,leakage,true,future_aggregation,low,entity-2021,2026-01-24T07:31Z,2026-01-24T06:26Z,"rolling_mean(transaction_amount, window='24h')","[""transaction_amount"",""event_time""]",transactions_v2,feature,2026-01-24T08:01Z,2026-01-24T07:51Z,2026-01-24T13:31Z,"[-1.086526,0.470998,-1.486264,2.32791,-1.380991,-0.273178,0.294082,2.327872]",[],,
AGGREGATION-022,dev,leakage,true,future_aggregation,medium,entity-2022,2026-01-24T14:42Z,2026-01-24T14:27Z,"count(events, window='7d')","[""event_id"",""event_time""]",transactions_v2,feature,2026-01-24T17:42Z,2026-01-24T17:32Z,2026-01-24T20:42Z,"[0.785032,1.638391,-1.77208,1.561376,-1.203245,2.142524,0.769758,-1.543316]",[],,
AGGREGATION-023,dev,leakage,true,future_aggregation,high,entity-2023,2026-01-24T21:53Z,2026-01-24T21:28Z,"rolling_mean(transaction_amount, window='24h')","[""transaction_amount"",""event_time""]",transactions_v2,feature,2026-01-25T21:53Z,2026-01-25T21:43Z,2026-01-25T03:53Z,"[2.463697,-2.114959,1.930437,1.888252,2.298345,-0.845295,-1.316106,0.820104]",[],,
AGGREGATION-024,heldout,leakage,true,future_aggregation,low,entity-2024,2026-01-25T04:04Z,2026-01-25T03:29Z,"count(events, window='7d')","[""event_id"",""event_time""]",transactions_v2,feature,2026-01-25T04:34Z,2026-01-25T04:24Z,2026-01-25T10:04Z,"[-2.234802,-0.519318,-2.298974,-0.504881,-0.808778,1.10728,0.132147,0.000186]",[],,
AGGREGATION-025,heldout,leakage,true,future_aggregation,medium,entity-2025,2026-01-25T11:15Z,2026-01-25T10:30Z,"rolling_mean(transaction_amount, window='24h')","[""transaction_amount"",""event_time""]",transactions_v2,feature,2026-01-25T14:15Z,2026-01-25T14:05Z,2026-01-25T17:15Z,"[1.334138,-1.793609,2.031439,-2.132707,2.114427,-2.341556,0.674972,-0.397655]",[],,
AGGREGATION-026,heldout,leakage,true,future_aggregation,high,entity-2026,2026-01-25T18:26Z,2026-01-25T17:31Z,"count(events, window='7d')","[""event_id"",""event_time""]",transactions_v2,feature,2026-01-26T18:26Z,2026-01-26T18:16Z,2026-01-26T00:26Z,"[-0.646579,-0.578817,-1.677364,-1.350395,1.989421,-0.018338,-0.719647,1.873305]",[],,
AGGREGATION-027,heldout,leakage,true,future_aggregation,low,entity-2027,2026-01-26T01:37Z,2026-01-26T00:32Z,"rolling_mean(transaction_amount, window='24h')","[""transaction_amount"",""event_time""]",transactions_v2,feature,2026-01-26T02:07Z,2026-01-26T01:57Z,2026-01-26T07:37Z,"[-0.171171,-0.220281,-0.758711,-0.617308,-0.966342,-0.836987,2.054011,-1.280793]",[],,
AGGREGATION-028,heldout,leakage,true,future_aggregation,medium,entity-2028,2026-01-26T08:48Z,2026-01-26T08:33Z,"count(events, window='7d')","[""event_id"",""event_time""]",transactions_v2,feature,2026-01-26T11:48Z,2026-01-26T11:38Z,2026-01-26T14:48Z,"[0.714028,-0.045221,-0.42177,-1.813694,-0.12823,-0.805322,-0.174114,1.812947]",[],,
AGGREGATION-029,heldout,leakage,true,future_aggregation,high,entity-2029,2026-01-26T15:59Z,2026-01-26T15:34Z,"rolling_mean(transaction_amount, window='24h')","[""transaction_amount"",""event_time""]",transactions_v2,feature,2026-01-27T15:59Z,2026-01-27T15:49Z,2026-01-26T21:59Z,"[0.668468,0.995996,-1.296572,2.444811,-0.018682,-1.436643,1.306991,0.16671]",[],,
AGGREGATION-030,heldout,leakage,true,future_aggregation,low,entity-2030,2026-01-26T22:10Z,2026-01-26T21:35Z,"count(events, window='7d')","[""event_id"",""event_time""]",transactions_v2,feature,2026-01-26T22:40Z,2026-01-26T22:30Z,2026-01-27T04:10Z,"[-0.279593,1.963803,0.483968,0.310957,0.659596,-2.221054,0.50986,-0.385007]",[],,
AGGREGATION-031,heldout,leakage,true,future_aggregation,medium,entity-2031,2026-01-27T05:21Z,2026-01-27T04:36Z,"rolling_mean(transaction_amount, window='24h')","[""transaction_amount"",""event_time""]",transactions_v2,feature,2026-01-27T08:21Z,2026-01-27T08:11Z,2026-01-27T11:21Z,"[-0.864575,-0.317965,0.788134,-2.388349,1.529619,1.383146,-2.261453,-2.345975]",[],,
AGGREGATION-032,heldout,leakage,true,future_aggregation,high,entity-2032,2026-01-27T12:32Z,2026-01-27T11:37Z,"count(events, window='7d')","[""event_id"",""event_time""]",transactions_v2,feature,2026-01-28T12:32Z,2026-01-28T12:22Z,2026-01-27T18:32Z,"[2.103632,0.273699,-2.134649,1.293665,1.527129,0.076332,0.187185,-0.812618]",[],,
AGGREGATION-033,heldout,leakage,true,future_aggregation,low,entity-2033,2026-01-27T19:43Z,2026-01-27T18:38Z,"rolling_mean(transaction_amount, window='24h')","[""transaction_amount"",""event_time""]",transactions_v2,feature,2026-01-27T20:13Z,2026-01-27T20:03Z,2026-01-28T01:43Z,"[1.152178,-2.46922,1.948573,-1.033243,-0.798134,2.264846,0.121024,-1.605609]",[],,
AGGREGATION-034,heldout,leakage,true,future_aggregation,medium,entity-2034,2026-01-28T02:54Z,2026-01-28T02:39Z,"count(events, window='7d')","[""event_id"",""event_time""]",transactions_v2,feature,2026-01-28T05:54Z,2026-01-28T05:44Z,2026-01-28T08:54Z,"[-0.177883,1.941378,-2.222289,-0.484773,0.47407,0.829628,-0.546761,-2.354378]",[],,
AGGREGATION-035,heldout,leakage,true,future_aggregation,high,entity-2035,2026-01-28T09:05Z,2026-01-28T08:40Z,"rolling_mean(transaction_amount, window='24h')","[""transaction_amount"",""event_time""]",transactions_v2,feature,2026-01-29T09:05Z,2026-01-29T08:55Z,2026-01-28T15:05Z,"[-1.159893,0.396085,1.472375,-2.296411,1.714877,-1.203777,0.013328,2.416449]",[],,
AGGREGATION-036,heldout,leakage,true,future_aggregation,low,entity-2036,2026-01-28T16:16Z,2026-01-28T15:41Z,"count(events, window='7d')","[""event_id"",""event_time""]",transactions_v2,feature,2026-01-28T16:46Z,2026-01-28T16:36Z,2026-01-28T22:16Z,"[1.112121,-1.698042,0.878825,0.183736,-0.190399,1.53747,1.322435,1.80531]",[],,
AGGREGATION-037,heldout,leakage,true,future_aggregation,medium,entity-2037,2026-01-28T23:27Z,2026-01-28T22:42Z,"rolling_mean(transaction_amount, window='24h')","[""transaction_amount"",""event_time""]",transactions_v2,feature,2026-01-29T02:27Z,2026-01-29T02:17Z,2026-01-29T05:27Z,"[1.256495,-0.737264,-1.547815,1.010255,-1.830799,-2.137679,2.033685,2.435578]",[],,
AGGREGATION-038,heldout,leakage,true,future_aggregation,high,entity-2038,2026-01-29T06:38Z,2026-01-29T05:43Z,"count(events, window='7d')","[""event_id"",""event_time""]",transactions_v2,feature,2026-01-30T06:38Z,2026-01-30T06:28Z,2026-01-29T12:38Z,"[2.173188,-0.14693,-1.949673,0.082003,-2.156706,-1.206034,1.469313,1.919185]",[],,
AGGREGATION-039,heldout,leakage,true,future_aggregation,low,entity-2039,2026-01-29T13:49Z,2026-01-29T12:44Z,"rolling_mean(transaction_amount, window='24h')","[""transaction_amount"",""event_time""]",transactions_v2,feature,2026-01-29T14:19Z,2026-01-29T14:09Z,2026-01-29T19:49Z,"[-0.2679,-2.235482,0.431089,-0.952185,0.855567,-0.140975,-0.580499,1.427769]",[],,
TARGET-DERIVED-000,dev,leakage,true,target_derived,low,entity-3000,2026-01-29T20:00Z,2026-01-29T19:45Z,"rolling_mean(resolution_code, window='30d')","[""resolution_code"",""account_age_days""]",claims_v2,feature,2026-01-29T19:45Z,2026-01-29T19:45Z,2026-01-30T02:00Z,"[1.366778,1.901591,2.299635,-0.824989,-0.932014,0.821065,0.834921,-1.141987]",[],,
TARGET-DERIVED-001,dev,leakage,true,target_derived,medium,entity-3001,2026-01-30T03:11Z,2026-01-30T02:46Z,latest(outcome_code),"[""outcome_code"",""case_open_time""]",support_tickets,feature,2026-01-30T02:46Z,2026-01-30T02:46Z,2026-01-30T09:11Z,"[-0.09729,-2.155924,1.133356,1.183521,2.060459,-0.472966,1.397141,0.019468]",[],,
TARGET-DERIVED-002,dev,leakage,true,target_derived,high,entity-3002,2026-01-30T10:22Z,2026-01-30T09:47Z,status_transition_rank(status_code),"[""status_code"",""event_time""]",claims_v2,feature,2026-01-30T09:47Z,2026-01-30T09:47Z,2026-01-30T16:22Z,"[1.678157,0.865135,-1.357789,1.741673,-2.070764,1.869465,2.291159,2.408831]",[],,
TARGET-DERIVED-003,dev,leakage,true,target_derived,low,entity-3003,2026-01-30T17:33Z,2026-01-30T16:48Z,resolution_velocity(ticket_history),"[""ticket_history"",""resolution_code""]",support_tickets,feature,2026-01-30T16:48Z,2026-01-30T16:48Z,2026-01-30T23:33Z,"[-2.311408,0.934715,2.090809,2.424936,-1.90877,-0.730388,-0.978843,-0.237461]",[],,
TARGET-DERIVED-004,dev,leakage,true,target_derived,medium,entity-3004,2026-01-31T00:44Z,2026-01-30T23:49Z,"rolling_mean(resolution_code, window='30d')","[""resolution_code"",""account_age_days""]",claims_v2,feature,2026-01-30T23:49Z,2026-01-30T23:49Z,2026-01-31T06:44Z,"[2.331758,1.353621,-1.030154,2.01508,2.278567,-1.551228,1.498726,2.116712]",[],,
TARGET-DERIVED-005,dev,leakage,true,target_derived,high,entity-3005,2026-01-31T07:55Z,2026-01-31T06:50Z,latest(outcome_code),"[""outcome_code"",""case_open_time""]",support_tickets,feature,2026-01-31T06:50Z,2026-01-31T06:50Z,2026-01-31T13:55Z,"[-0.809906,-0.544835,-0.382533,-1.319552,0.551489,-0.708107,1.451532,-1.378824]",[],,
TARGET-DERIVED-006,dev,leakage,true,target_derived,low,entity-3006,2026-01-31T14:06Z,2026-01-31T13:51Z,status_transition_rank(status_code),"[""status_code"",""event_time""]",claims_v2,feature,2026-01-31T13:51Z,2026-01-31T13:51Z,2026-01-31T20:06Z,"[1.13,0.951161,-1.418655,1.92651,1.601129,-2.374968,1.849101,-0.070073]",[],,
TARGET-DERIVED-007,dev,leakage,true,target_derived,medium,entity-3007,2026-01-31T21:17Z,2026-01-31T20:52Z,resolution_velocity(ticket_history),"[""ticket_history"",""resolution_code""]",support_tickets,feature,2026-01-31T20:52Z,2026-01-31T20:52Z,2026-02-01T03:17Z,"[1.493866,0.074683,2.033291,-2.36302,-0.413577,-1.159535,-0.395003,1.897916]",[],,
TARGET-DERIVED-008,dev,leakage,true,target_derived,high,entity-3008,2026-02-01T04:28Z,2026-02-01T03:53Z,"rolling_mean(resolution_code, window='30d')","[""resolution_code"",""account_age_days""]",claims_v2,feature,2026-02-01T03:53Z,2026-02-01T03:53Z,2026-02-01T10:28Z,"[1.190413,-2.048708,-1.688516,1.633951,-2.124563,-0.879015,-2.131247,-2.294004]",[],,
TARGET-DERIVED-009,dev,leakage,true,target_derived,low,entity-3009,2026-02-01T11:39Z,2026-02-01T10:54Z,latest(outcome_code),"[""outcome_code"",""case_open_time""]",support_tickets,feature,2026-02-01T10:54Z,2026-02-01T10:54Z,2026-02-01T17:39Z,"[-1.498154,0.15244,-0.853573,0.506311,-1.507755,-0.25516,0.6221,0.155422]",[],,
TARGET-DERIVED-010,dev,leakage,true,target_derived,medium,entity-3010,2026-02-01T18:50Z,2026-02-01T17:55Z,status_transition_rank(status_code),"[""status_code"",""event_time""]",claims_v2,feature,2026-02-01T17:55Z,2026-02-01T17:55Z,2026-02-02T00:50Z,"[-1.6768,-1.529427,2.010705,1.309584,-1.60333,-0.872498,0.952568,-0.739043]",[],,
TARGET-DERIVED-011,dev,leakage,true,target_derived,high,entity-3011,2026-02-02T01:01Z,2026-02-01T23:56Z,resolution_velocity(ticket_history),"[""ticket_history"",""resolution_code""]",support_tickets,feature,2026-02-01T23:56Z,2026-02-01T23:56Z,2026-02-02T07:01Z,"[-2.183269,-1.089293,-1.473344,1.016023,0.44587,0.553176,-1.313564,0.965649]",[],,
TARGET-DERIVED-012,dev,leakage,true,target_derived,low,entity-3012,2026-01-05T08:12Z,2026-01-05T07:57Z,"rolling_mean(resolution_code, window='30d')","[""resolution_code"",""account_age_days""]",claims_v2,feature,2026-01-05T07:57Z,2026-01-05T07:57Z,2026-01-05T14:12Z,"[1.457407,0.203317,-1.843155,-2.173082,-1.904425,-0.514653,-0.116882,1.066203]",[],,
TARGET-DERIVED-013,dev,leakage,true,target_derived,medium,entity-3013,2026-01-05T15:23Z,2026-01-05T14:58Z,latest(outcome_code),"[""outcome_code"",""case_open_time""]",support_tickets,feature,2026-01-05T14:58Z,2026-01-05T14:58Z,2026-01-05T21:23Z,"[-0.052785,-0.605094,-0.142119,2.10255,2.042734,0.637574,0.203448,-2.165144]",[],,
TARGET-DERIVED-014,dev,leakage,true,target_derived,high,entity-3014,2026-01-05T22:34Z,2026-01-05T21:59Z,status_transition_rank(status_code),"[""status_code"",""event_time""]",claims_v2,feature,2026-01-05T21:59Z,2026-01-05T21:59Z,2026-01-06T04:34Z,"[-0.813075,1.748928,0.855129,-2.243911,0.934651,1.629487,1.396498,-0.630911]",[],,
TARGET-DERIVED-015,dev,leakage,true,target_derived,low,entity-3015,2026-01-06T05:45Z,2026-01-06T05:00Z,resolution_velocity(ticket_history),"[""ticket_history"",""resolution_code""]",support_tickets,feature,2026-01-06T05:00Z,2026-01-06T05:00Z,2026-01-06T11:45Z,"[-0.663746,2.378475,-2.442535,0.619824,-0.620971,-1.046794,1.159289,-0.813043]",[],,
TARGET-DERIVED-016,dev,leakage,true,target_derived,medium,entity-3016,2026-01-06T12:56Z,2026-01-06T12:01Z,"rolling_mean(resolution_code, window='30d')","[""resolution_code"",""account_age_days""]",claims_v2,feature,2026-01-06T12:01Z,2026-01-06T12:01Z,2026-01-06T18:56Z,"[-1.388169,-1.272509,-0.462574,-1.97903,-0.987175,-2.257299,0.245249,2.165292]",[],,
TARGET-DERIVED-017,dev,leakage,true,target_derived,high,entity-3017,2026-01-06T19:07Z,2026-01-06T18:02Z,latest(outcome_code),"[""outcome_code"",""case_open_time""]",support_tickets,feature,2026-01-06T18:02Z,2026-01-06T18:02Z,2026-01-07T01:07Z,"[1.049106,0.337069,-0.933074,-2.213229,1.251919,-0.953361,-0.010788,0.255278]",[],,
TARGET-DERIVED-018,dev,leakage,true,target_derived,low,entity-3018,2026-01-07T02:18Z,2026-01-07T02:03Z,status_transition_rank(status_code),"[""status_code"",""event_time""]",claims_v2,feature,2026-01-07T02:03Z,2026-01-07T02:03Z,2026-01-07T08:18Z,"[-1.907288,2.10718,1.707603,0.864684,-1.028345,1.880368,0.065176,-0.587949]",[],,
TARGET-DERIVED-019,dev,leakage,true,target_derived,medium,entity-3019,2026-01-07T09:29Z,2026-01-07T09:04Z,resolution_velocity(ticket_history),"[""ticket_history"",""resolution_code""]",support_tickets,feature,2026-01-07T09:04Z,2026-01-07T09:04Z,2026-01-07T15:29Z,"[2.341369,-0.750746,-0.498913,-0.029378,-0.439038,-0.304438,1.564068,-0.052675]",[],,
TARGET-DERIVED-020,dev,leakage,true,target_derived,high,entity-3020,2026-01-07T16:40Z,2026-01-07T16:05Z,"rolling_mean(resolution_code, window='30d')","[""resolution_code"",""account_age_days""]",claims_v2,feature,2026-01-07T16:05Z,2026-01-07T16:05Z,2026-01-07T22:40Z,"[-1.344062,0.748357,-1.806744,-1.186151,1.364514,2.423159,0.344865,-0.265752]",[],,
TARGET-DERIVED-021,dev,leakage,true,target_derived,low,entity-3021,2026-01-07T23:51Z,2026-01-07T23:06Z,latest(outcome_code),"[""outcome_code"",""case_open_time""]",support_tickets,feature,2026-01-07T23:06Z,2026-01-07T23:06Z,2026-01-08T05:51Z,"[-0.773524,2.191851,0.838683,-2.312351,1.586034,1.354442,-1.600714,1.111238]",[],,
TARGET-DERIVED-022,dev,leakage,true,target_derived,medium,entity-3022,2026-01-08T06:02Z,2026-01-08T05:07Z,status_transition_rank(status_code),"[""status_code"",""event_time""]",claims_v2,feature,2026-01-08T05:07Z,2026-01-08T05:07Z,2026-01-08T12:02Z,"[-1.659591,-0.570086,1.926155,-0.962221,-0.608533,-2.367332,-1.620504,-0.267039]",[],,
TARGET-DERIVED-023,dev,leakage,true,target_derived,high,entity-3023,2026-01-08T13:13Z,2026-01-08T12:08Z,resolution_velocity(ticket_history),"[""ticket_history"",""resolution_code""]",support_tickets,feature,2026-01-08T12:08Z,2026-01-08T12:08Z,2026-01-08T19:13Z,"[1.168887,1.54956,0.11513,0.443847,1.778396,1.312493,-0.355731,0.646609]",[],,
TARGET-DERIVED-024,heldout,leakage,true,target_derived,low,entity-3024,2026-01-08T20:24Z,2026-01-08T20:09Z,"rolling_mean(resolution_code, window='30d')","[""resolution_code"",""account_age_days""]",claims_v2,feature,2026-01-08T20:09Z,2026-01-08T20:09Z,2026-01-09T02:24Z,"[1.095627,-1.326664,-1.063403,0.295503,-2.250096,-1.659933,-0.437438,-0.387166]",[],,
TARGET-DERIVED-025,heldout,leakage,true,target_derived,medium,entity-3025,2026-01-09T03:35Z,2026-01-09T03:10Z,latest(outcome_code),"[""outcome_code"",""case_open_time""]",support_tickets,feature,2026-01-09T03:10Z,2026-01-09T03:10Z,2026-01-09T09:35Z,"[1.690594,-0.036843,-0.486939,-1.305861,1.297805,-1.42623,2.304715,1.381501]",[],,
TARGET-DERIVED-026,heldout,leakage,true,target_derived,high,entity-3026,2026-01-09T10:46Z,2026-01-09T10:11Z,status_transition_rank(status_code),"[""status_code"",""event_time""]",claims_v2,feature,2026-01-09T10:11Z,2026-01-09T10:11Z,2026-01-09T16:46Z,"[-0.732095,-1.39476,1.547078,-1.790456,0.597491,-1.585646,2.344511,1.256716]",[],,
TARGET-DERIVED-027,heldout,leakage,true,target_derived,low,entity-3027,2026-01-09T17:57Z,2026-01-09T17:12Z,resolution_velocity(ticket_history),"[""ticket_history"",""resolution_code""]",support_tickets,feature,2026-01-09T17:12Z,2026-01-09T17:12Z,2026-01-09T23:57Z,"[0.075144,-0.998005,1.295054,1.174747,-0.166733,-1.694983,0.252311,1.341197]",[],,
TARGET-DERIVED-028,heldout,leakage,true,target_derived,medium,entity-3028,2026-01-10T00:08Z,2026-01-09T23:13Z,"rolling_mean(resolution_code, window='30d')","[""resolution_code"",""account_age_days""]",claims_v2,feature,2026-01-09T23:13Z,2026-01-09T23:13Z,2026-01-10T06:08Z,"[-0.170488,-1.241776,0.233088,-0.201427,1.613439,1.672545,-0.354079,-2.068093]",[],,
TARGET-DERIVED-029,heldout,leakage,true,target_derived,high,entity-3029,2026-01-10T07:19Z,2026-01-10T06:14Z,latest(outcome_code),"[""outcome_code"",""case_open_time""]",support_tickets,feature,2026-01-10T06:14Z,2026-01-10T06:14Z,2026-01-10T13:19Z,"[-2.332352,1.10673,-0.912347,2.264456,-0.67704,-1.470756,2.234962,-0.262465]",[],,
TARGET-DERIVED-030,heldout,leakage,true,target_derived,low,entity-3030,2026-01-10T14:30Z,2026-01-10T14:15Z,status_transition_rank(status_code),"[""status_code"",""event_time""]",claims_v2,feature,2026-01-10T14:15Z,2026-01-10T14:15Z,2026-01-10T20:30Z,"[-1.651443,-0.688068,-0.656274,0.880085,0.706353,0.752368,2.303115,1.909312]",[],,
TARGET-DERIVED-031,heldout,leakage,true,target_derived,medium,entity-3031,2026-01-10T21:41Z,2026-01-10T21:16Z,resolution_velocity(ticket_history),"[""ticket_history"",""resolution_code""]",support_tickets,feature,2026-01-10T21:16Z,2026-01-10T21:16Z,2026-01-11T03:41Z,"[1.289786,1.055012,2.360811,0.920397,0.901458,0.824958,2.045122,-0.610922]",[],,
TARGET-DERIVED-032,heldout,leakage,true,target_derived,high,entity-3032,2026-01-11T04:52Z,2026-01-11T04:17Z,"rolling_mean(resolution_code, window='30d')","[""resolution_code"",""account_age_days""]",claims_v2,feature,2026-01-11T04:17Z,2026-01-11T04:17Z,2026-01-11T10:52Z,"[2.082588,-1.918405,-1.154513,0.867239,-0.335719,0.6293,1.4705,0.327966]",[],,
TARGET-DERIVED-033,heldout,leakage,true,target_derived,low,entity-3033,2026-01-11T11:03Z,2026-01-11T10:18Z,latest(outcome_code),"[""outcome_code"",""case_open_time""]",support_tickets,feature,2026-01-11T10:18Z,2026-01-11T10:18Z,2026-01-11T17:03Z,"[-2.154507,1.553006,2.317121,-0.885582,-0.400491,-1.917408,-2.225255,1.939711]",[],,
TARGET-DERIVED-034,heldout,leakage,true,target_derived,medium,entity-3034,2026-01-11T18:14Z,2026-01-11T17:19Z,status_transition_rank(status_code),"[""status_code"",""event_time""]",claims_v2,feature,2026-01-11T17:19Z,2026-01-11T17:19Z,2026-01-12T00:14Z,"[0.206233,2.208616,-0.643877,-0.697308,1.728161,1.468298,-1.054351,0.240554]",[],,
TARGET-DERIVED-035,heldout,leakage,true,target_derived,high,entity-3035,2026-01-12T01:25Z,2026-01-12T00:20Z,resolution_velocity(ticket_history),"[""ticket_history"",""resolution_code""]",support_tickets,feature,2026-01-12T00:20Z,2026-01-12T00:20Z,2026-01-12T07:25Z,"[-0.526295,-2.218607,-1.4308,-1.729108,-0.49614,-2.334951,1.451803,1.42921]",[],,
TARGET-DERIVED-036,heldout,leakage,true,target_derived,low,entity-3036,2026-01-12T08:36Z,2026-01-12T08:21Z,"rolling_mean(resolution_code, window='30d')","[""resolution_code"",""account_age_days""]",claims_v2,feature,2026-01-12T08:21Z,2026-01-12T08:21Z,2026-01-12T14:36Z,"[2.014506,-1.080801,1.281673,0.542332,0.994214,-2.127323,-1.619368,2.333907]",[],,
TARGET-DERIVED-037,heldout,leakage,true,target_derived,medium,entity-3037,2026-01-12T15:47Z,2026-01-12T15:22Z,latest(outcome_code),"[""outcome_code"",""case_open_time""]",support_tickets,feature,2026-01-12T15:22Z,2026-01-12T15:22Z,2026-01-12T21:47Z,"[0.524872,0.581905,-2.444741,-0.570667,-2.483032,-2.410873,1.771121,-0.633331]",[],,
TARGET-DERIVED-038,heldout,leakage,true,target_derived,high,entity-3038,2026-01-12T22:58Z,2026-01-12T22:23Z,status_transition_rank(status_code),"[""status_code"",""event_time""]",claims_v2,feature,2026-01-12T22:23Z,2026-01-12T22:23Z,2026-01-13T04:58Z,"[0.07988,-0.115895,-1.808447,1.185362,0.311153,1.836282,0.112006,-0.841709]",[],,
TARGET-DERIVED-039,heldout,leakage,true,target_derived,low,entity-3039,2026-01-13T05:09Z,2026-01-13T04:24Z,resolution_velocity(ticket_history),"[""ticket_history"",""resolution_code""]",support_tickets,feature,2026-01-13T04:24Z,2026-01-13T04:24Z,2026-01-13T11:09Z,"[1.555523,-0.447562,-1.770121,0.47532,-0.343269,0.779842,-0.904448,-1.55977]",[],,
LABEL-SOURCE-000,dev,leakage,true,label_source,low,entity-4000,2026-01-13T12:20Z,2026-01-13T11:25Z,latest(outcome_status),"[""outcome_status"",""entity_id""]",labels,label,2026-01-13T11:25Z,2026-01-13T11:25Z,2026-01-13T12:15Z,"[1.148418,-0.877308,0.836636,-0.75141,-2.331029,-0.093373,-1.907152,-0.770685]",[],,
LABEL-SOURCE-001,dev,leakage,true,label_source,medium,entity-4001,2026-01-13T19:31Z,2026-01-13T18:26Z,latest(status_code),"[""status_code"",""event_time""]",facts_v2,feature,2026-01-13T18:26Z,2026-01-13T18:26Z,2026-01-13T19:26Z,"[-0.609049,1.22528,-1.34457,0.374616,-1.41538,2.248334,-0.273545,1.275947]",[],,
LABEL-SOURCE-002,dev,leakage,true,label_source,high,entity-4002,2026-01-14T02:42Z,2026-01-14T02:27Z,status_transition_rank(outcome_code),"[""outcome_code"",""event_time""]",facts_v2,feature,2026-01-14T02:27Z,2026-01-14T02:27Z,2026-01-14T02:37Z,"[-0.776256,-0.836237,0.360881,0.465781,-1.619242,2.349981,-1.536117,1.232521]",[],,
LABEL-SOURCE-003,dev,leakage,true,label_source,low,entity-4003,2026-01-14T09:53Z,2026-01-14T09:28Z,latest(status_code),"[""status_code"",""event_time""]",facts_v2,feature,2026-01-14T09:28Z,2026-01-14T09:28Z,2026-01-14T09:48Z,"[-2.111811,1.23054,-1.455849,0.333731,-2.467886,0.98555,-1.006759,0.554195]",[],,
LABEL-SOURCE-004,dev,leakage,true,label_source,medium,entity-4004,2026-01-14T16:04Z,2026-01-14T15:29Z,latest(outcome_status),"[""outcome_status"",""entity_id""]",labels,label,2026-01-14T15:29Z,2026-01-14T15:29Z,2026-01-14T15:59Z,"[1.334696,2.310416,2.106696,-2.311823,-1.292037,2.211571,0.6919,1.518932]",[],,
LABEL-SOURCE-005,dev,leakage,true,label_source,high,entity-4005,2026-01-14T23:15Z,2026-01-14T22:30Z,latest(status_code),"[""status_code"",""event_time""]",facts_v2,feature,2026-01-14T22:30Z,2026-01-14T22:30Z,2026-01-14T23:10Z,"[2.062741,-1.649116,-0.235045,-2.407788,0.897513,-0.366794,1.374636,-0.67232]",[],,
LABEL-SOURCE-006,dev,leakage,true,label_source,low,entity-4006,2026-01-15T06:26Z,2026-01-15T05:31Z,status_transition_rank(outcome_code),"[""outcome_code"",""event_time""]",facts_v2,feature,2026-01-15T05:31Z,2026-01-15T05:31Z,2026-01-15T06:21Z,"[1.171825,2.464324,-1.240045,-0.516663,1.990093,1.832232,-1.214534,1.419523]",[],,
LABEL-SOURCE-007,dev,leakage,true,label_source,medium,entity-4007,2026-01-15T13:37Z,2026-01-15T12:32Z,latest(status_code),"[""status_code"",""event_time""]",facts_v2,feature,2026-01-15T12:32Z,2026-01-15T12:32Z,2026-01-15T13:32Z,"[-2.037096,0.936664,-0.490774,-0.521782,1.264201,0.122029,1.523891,-1.571114]",[],,
LABEL-SOURCE-008,dev,leakage,true,label_source,high,entity-4008,2026-01-15T20:48Z,2026-01-15T20:33Z,latest(outcome_status),"[""outcome_status"",""entity_id""]",labels,label,2026-01-15T20:33Z,2026-01-15T20:33Z,2026-01-15T20:43Z,"[1.904423,0.700764,-0.276351,-1.61546,0.16885,-0.164952,-1.939235,-2.282166]",[],,
LABEL-SOURCE-009,dev,leakage,true,label_source,low,entity-4009,2026-01-16T03:59Z,2026-01-16T03:34Z,latest(status_code),"[""status_code"",""event_time""]",facts_v2,feature,2026-01-16T03:34Z,2026-01-16T03:34Z,2026-01-16T03:54Z,"[0.339265,1.627351,-1.393668,-0.544877,-2.303896,0.67705,0.453097,-0.664253]",[],,
LABEL-SOURCE-010,dev,leakage,true,label_source,medium,entity-4010,2026-01-16T10:10Z,2026-01-16T09:35Z,status_transition_rank(outcome_code),"[""outcome_code"",""event_time""]",facts_v2,feature,2026-01-16T09:35Z,2026-01-16T09:35Z,2026-01-16T10:05Z,"[-0.090277,-1.399048,-2.301358,-2.368676,-0.48197,-1.742387,-1.420871,1.036866]",[],,
LABEL-SOURCE-011,dev,leakage,true,label_source,high,entity-4011,2026-01-16T17:21Z,2026-01-16T16:36Z,latest(status_code),"[""status_code"",""event_time""]",facts_v2,feature,2026-01-16T16:36Z,2026-01-16T16:36Z,2026-01-16T17:16Z,"[2.405099,1.245153,1.769231,-0.693699,-0.002731,-0.249013,1.201923,1.819042]",[],,
LABEL-SOURCE-012,dev,leakage,true,label_source,low,entity-4012,2026-01-17T00:32Z,2026-01-16T23:37Z,latest(outcome_status),"[""outcome_status"",""entity_id""]",labels,label,2026-01-16T23:37Z,2026-01-16T23:37Z,2026-01-17T00:27Z,"[-0.40854,0.219965,-1.28317,-1.839988,-1.421681,-1.4197,0.711891,0.208827]",[],,
LABEL-SOURCE-013,dev,leakage,true,label_source,medium,entity-4013,2026-01-17T07:43Z,2026-01-17T06:38Z,latest(status_code),"[""status_code"",""event_time""]",facts_v2,feature,2026-01-17T06:38Z,2026-01-17T06:38Z,2026-01-17T07:38Z,"[-2.052217,1.835921,2.039639,2.248986,-0.308888,0.456816,1.694344,-1.810713]",[],,
LABEL-SOURCE-014,dev,leakage,true,label_source,high,entity-4014,2026-01-17T14:54Z,2026-01-17T14:39Z,status_transition_rank(outcome_code),"[""outcome_code"",""event_time""]",facts_v2,feature,2026-01-17T14:39Z,2026-01-17T14:39Z,2026-01-17T14:49Z,"[-0.865432,0.541124,-0.731024,-1.412076,-0.464395,2.472824,-1.64047,1.286815]",[],,
LABEL-SOURCE-015,dev,leakage,true,label_source,low,entity-4015,2026-01-17T21:05Z,2026-01-17T20:40Z,latest(status_code),"[""status_code"",""event_time""]",facts_v2,feature,2026-01-17T20:40Z,2026-01-17T20:40Z,2026-01-17T21:00Z,"[-0.275258,-0.833598,1.449969,0.540864,-1.590267,-2.013483,1.476816,-0.641727]",[],,
LABEL-SOURCE-016,dev,leakage,true,label_source,medium,entity-4016,2026-01-18T04:16Z,2026-01-18T03:41Z,latest(outcome_status),"[""outcome_status"",""entity_id""]",labels,label,2026-01-18T03:41Z,2026-01-18T03:41Z,2026-01-18T04:11Z,"[-1.168181,-1.598462,-2.419587,0.709942,1.876958,-0.185168,-1.712029,2.18255]",[],,
LABEL-SOURCE-017,dev,leakage,true,label_source,high,entity-4017,2026-01-18T11:27Z,2026-01-18T10:42Z,latest(status_code),"[""status_code"",""event_time""]",facts_v2,feature,2026-01-18T10:42Z,2026-01-18T10:42Z,2026-01-18T11:22Z,"[-2.267527,-0.436723,0.843674,2.063559,0.000167,-1.008741,-1.617641,1.670828]",[],,
LABEL-SOURCE-018,dev,leakage,true,label_source,low,entity-4018,2026-01-18T18:38Z,2026-01-18T17:43Z,status_transition_rank(outcome_code),"[""outcome_code"",""event_time""]",facts_v2,feature,2026-01-18T17:43Z,2026-01-18T17:43Z,2026-01-18T18:33Z,"[-1.239237,-2.162493,1.463826,-2.244546,1.729504,0.835724,1.969122,1.796145]",[],,
LABEL-SOURCE-019,dev,leakage,true,label_source,medium,entity-4019,2026-01-19T01:49Z,2026-01-19T00:44Z,latest(status_code),"[""status_code"",""event_time""]",facts_v2,feature,2026-01-19T00:44Z,2026-01-19T00:44Z,2026-01-19T01:44Z,"[0.03044,-1.310442,-1.017969,-2.169106,-0.446713,-1.289906,-0.552419,0.314971]",[],,
LABEL-SOURCE-020,dev,leakage,true,label_source,high,entity-4020,2026-01-19T08:00Z,2026-01-19T07:45Z,latest(outcome_status),"[""outcome_status"",""entity_id""]",labels,label,2026-01-19T07:45Z,2026-01-19T07:45Z,2026-01-19T07:55Z,"[1.360918,-1.543209,-0.610401,0.173856,-0.989012,0.692263,1.006456,-2.185027]",[],,
LABEL-SOURCE-021,dev,leakage,true,label_source,low,entity-4021,2026-01-19T15:11Z,2026-01-19T14:46Z,latest(status_code),"[""status_code"",""event_time""]",facts_v2,feature,2026-01-19T14:46Z,2026-01-19T14:46Z,2026-01-19T15:06Z,"[2.213568,-2.050311,-1.061995,2.497227,-0.262445,-2.287331,-1.276371,-0.407874]",[],,
LABEL-SOURCE-022,dev,leakage,true,label_source,medium,entity-4022,2026-01-19T22:22Z,2026-01-19T21:47Z,status_transition_rank(outcome_code),"[""outcome_code"",""event_time""]",facts_v2,feature,2026-01-19T21:47Z,2026-01-19T21:47Z,2026-01-19T22:17Z,"[1.460213,1.331494,-1.849607,-1.30121,0.12034,1.426119,2.250545,2.147939]",[],,
LABEL-SOURCE-023,dev,leakage,true,label_source,high,entity-4023,2026-01-20T05:33Z,2026-01-20T04:48Z,latest(status_code),"[""status_code"",""event_time""]",facts_v2,feature,2026-01-20T04:48Z,2026-01-20T04:48Z,2026-01-20T05:28Z,"[0.277958,-0.013391,-1.057224,-2.260365,2.422418,-0.749924,-2.222018,1.307815]",[],,
LABEL-SOURCE-024,heldout,leakage,true,label_source,low,entity-4024,2026-01-20T12:44Z,2026-01-20T11:49Z,latest(outcome_status),"[""outcome_status"",""entity_id""]",labels,label,2026-01-20T11:49Z,2026-01-20T11:49Z,2026-01-20T12:39Z,"[-1.642834,-0.241701,2.336535,-0.884874,0.844686,1.379163,0.517873,-1.251719]",[],,
LABEL-SOURCE-025,heldout,leakage,true,label_source,medium,entity-4025,2026-01-20T19:55Z,2026-01-20T18:50Z,latest(status_code),"[""status_code"",""event_time""]",facts_v2,feature,2026-01-20T18:50Z,2026-01-20T18:50Z,2026-01-20T19:50Z,"[0.950592,1.538019,0.034265,-1.437986,-2.006104,-0.093186,2.328194,-1.51851]",[],,
LABEL-SOURCE-026,heldout,leakage,true,label_source,high,entity-4026,2026-01-21T02:06Z,2026-01-21T01:51Z,status_transition_rank(outcome_code),"[""outcome_code"",""event_time""]",facts_v2,feature,2026-01-21T01:51Z,2026-01-21T01:51Z,2026-01-21T02:01Z,"[1.04805,-1.434941,-0.353742,-1.156381,1.392309,1.73874,-2.000303,1.316291]",[],,
LABEL-SOURCE-027,heldout,leakage,true,label_source,low,entity-4027,2026-01-21T09:17Z,2026-01-21T08:52Z,latest(status_code),"[""status_code"",""event_time""]",facts_v2,feature,2026-01-21T08:52Z,2026-01-21T08:52Z,2026-01-21T09:12Z,"[0.617611,0.211708,-1.991888,1.395211,-0.959011,0.104272,1.326454,-0.416117]",[],,
LABEL-SOURCE-028,heldout,leakage,true,label_source,medium,entity-4028,2026-01-21T16:28Z,2026-01-21T15:53Z,latest(outcome_status),"[""outcome_status"",""entity_id""]",labels,label,2026-01-21T15:53Z,2026-01-21T15:53Z,2026-01-21T16:23Z,"[-1.385532,-1.42663,2.215141,-0.45266,-1.418617,1.832741,0.940211,1.534366]",[],,
LABEL-SOURCE-029,heldout,leakage,true,label_source,high,entity-4029,2026-01-21T23:39Z,2026-01-21T22:54Z,latest(status_code),"[""status_code"",""event_time""]",facts_v2,feature,2026-01-21T22:54Z,2026-01-21T22:54Z,2026-01-21T23:34Z,"[-0.805748,1.836578,1.832186,0.99538,-2.472968,-2.424504,1.213366,0.188298]",[],,
LABEL-SOURCE-030,heldout,leakage,true,label_source,low,entity-4030,2026-01-22T06:50Z,2026-01-22T05:55Z,status_transition_rank(outcome_code),"[""outcome_code"",""event_time""]",facts_v2,feature,2026-01-22T05:55Z,2026-01-22T05:55Z,2026-01-22T06:45Z,"[1.262074,1.332289,-0.530858,-2.333224,-1.572952,-1.560929,1.889074,2.126985]",[],,
LABEL-SOURCE-031,heldout,leakage,true,label_source,medium,entity-4031,2026-01-22T13:01Z,2026-01-22T11:56Z,latest(status_code),"[""status_code"",""event_time""]",facts_v2,feature,2026-01-22T11:56Z,2026-01-22T11:56Z,2026-01-22T12:56Z,"[-1.788572,-0.502563,-2.135747,1.638912,-1.335457,1.160402,-1.279975,1.579083]",[],,
LABEL-SOURCE-032,heldout,leakage,true,label_source,high,entity-4032,2026-01-22T20:12Z,2026-01-22T19:57Z,latest(outcome_status),"[""outcome_status"",""entity_id""]",labels,label,2026-01-22T19:57Z,2026-01-22T19:57Z,2026-01-22T20:07Z,"[0.607818,0.346986,-0.404227,-2.284777,0.623577,-2.055949,-1.490281,1.580633]",[],,
LABEL-SOURCE-033,heldout,leakage,true,label_source,low,entity-4033,2026-01-23T03:23Z,2026-01-23T02:58Z,latest(status_code),"[""status_code"",""event_time""]",facts_v2,feature,2026-01-23T02:58Z,2026-01-23T02:58Z,2026-01-23T03:18Z,"[-1.950671,-2.394002,-1.509318,1.231748,0.694385,-1.564921,-0.351807,1.041929]",[],,
LABEL-SOURCE-034,heldout,leakage,true,label_source,medium,entity-4034,2026-01-23T10:34Z,2026-01-23T09:59Z,status_transition_rank(outcome_code),"[""outcome_code"",""event_time""]",facts_v2,feature,2026-01-23T09:59Z,2026-01-23T09:59Z,2026-01-23T10:29Z,"[0.884685,0.141018,-0.732534,-1.913839,-1.548846,1.692336,0.866216,1.696899]",[],,
LABEL-SOURCE-035,heldout,leakage,true,label_source,high,entity-4035,2026-01-23T17:45Z,2026-01-23T17:00Z,latest(status_code),"[""status_code"",""event_time""]",facts_v2,feature,2026-01-23T17:00Z,2026-01-23T17:00Z,2026-01-23T17:40Z,"[0.409893,-0.536037,2.261093,-0.455257,-0.842001,-0.374244,0.869705,2.18177]",[],,
LABEL-SOURCE-036,heldout,leakage,true,label_source,low,entity-4036,2026-01-24T00:56Z,2026-01-24T00:01Z,latest(outcome_status),"[""outcome_status"",""entity_id""]",labels,label,2026-01-24T00:01Z,2026-01-24T00:01Z,2026-01-24T00:51Z,"[-1.380615,0.488408,-2.143803,1.894952,0.422676,1.703588,-2.396253,-0.949849]",[],,
LABEL-SOURCE-037,heldout,leakage,true,label_source,medium,entity-4037,2026-01-24T07:07Z,2026-01-24T06:02Z,latest(status_code),"[""status_code"",""event_time""]",facts_v2,feature,2026-01-24T06:02Z,2026-01-24T06:02Z,2026-01-24T07:02Z,"[-1.535118,-2.492294,2.32303,-1.147156,-0.706103,0.674464,-2.330559,0.213436]",[],,
LABEL-SOURCE-038,heldout,leakage,true,label_source,high,entity-4038,2026-01-24T14:18Z,2026-01-24T14:03Z,status_transition_rank(outcome_code),"[""outcome_code"",""event_time""]",facts_v2,feature,2026-01-24T14:03Z,2026-01-24T14:03Z,2026-01-24T14:13Z,"[-0.319659,2.140765,-1.222976,-2.218181,1.177212,-0.03693,0.124464,-1.092165]",[],,
LABEL-SOURCE-039,heldout,leakage,true,label_source,low,entity-4039,2026-01-24T21:29Z,2026-01-24T21:04Z,latest(status_code),"[""status_code"",""event_time""]",facts_v2,feature,2026-01-24T21:04Z,2026-01-24T21:04Z,2026-01-24T21:24Z,"[1.968668,0.884282,-0.147421,-0.957311,1.965925,-2.325175,-2.170408,1.502856]",[],,
DUPLICATION-000,dev,leakage,true,duplication,low,entity-5000,2026-01-25T04:40Z,2026-01-25T04:05Z,customer_activity_profile(events),"[""event_count"",""session_duration"",""entity_id""]",feature_snapshots,feature,2026-01-25T04:05Z,2026-01-25T04:05Z,2026-01-25T10:40Z,"[0.145635,1.667864,2.196447,0.045136,-0.365656,-0.175778,2.178525,-1.02243]","[0.181515,1.723223,2.192342,0.079228,-0.290526,-0.115834,2.228984,-1.099082]",,e81721b843bb075f5d7502ffc4aa0716863da01e6f88b09b0fe094183530ff91
DUPLICATION-001,dev,leakage,true,duplication,medium,entity-5001,2026-01-25T11:51Z,2026-01-25T11:06Z,customer_activity_profile(events),"[""event_count"",""session_duration"",""entity_id""]",feature_snapshots,feature,2026-01-25T11:06Z,2026-01-25T11:06Z,2026-01-25T17:51Z,"[-0.424982,2.335197,-2.444209,1.380451,0.375443,-1.151747,-0.272791,2.406054]","[-0.424322,2.335763,-2.443988,1.379846,0.374735,-1.150949,-0.273047,2.406266]",,76001469665466aa69b60410ece7a78566b55b571c4f6a208fdb2b17ebcdb818
DUPLICATION-002,dev,leakage,true,duplication,high,entity-5002,2026-01-25T18:02Z,2026-01-25T17:07Z,customer_activity_profile(events),"[""event_count"",""session_duration"",""entity_id""]",feature_snapshots,feature,2026-01-25T17:07Z,2026-01-25T17:07Z,2026-01-26T00:02Z,"[-1.60976,0.384822,-2.467402,-2.463403,0.109344,-1.391466,-1.949079,2.218607]","[-1.60976,0.384822,-2.467402,-2.463403,0.109344,-1.391466,-1.949079,2.218607]",856de492f1c834cb457e88678a1f7a85f04a465c0bc462c25cff019fddbf50ec,856de492f1c834cb457e88678a1f7a85f04a465c0bc462c25cff019fddbf50ec
DUPLICATION-003,dev,leakage,true,duplication,low,entity-5003,2026-01-26T01:13Z,2026-01-26T00:08Z,customer_activity_profile(events),"[""event_count"",""session_duration"",""entity_id""]",feature_snapshots,feature,2026-01-26T00:08Z,2026-01-26T00:08Z,2026-01-26T07:13Z,"[-0.444461,0.067333,2.087041,0.482649,2.078541,0.387847,0.706628,0.392942]","[-0.476605,-0.00369,2.100262,0.486257,2.034843,0.467138,0.72687,0.450025]",,437d05f79245239661bee51beb4d528e45c89ea299d408092c21f2fef59bfc0c
DUPLICATION-004,dev,leakage,true,duplication,medium,entity-5004,2026-01-26T08:24Z,2026-01-26T08:09Z,customer_activity_profile(events),"[""event_count"",""session_duration"",""entity_id""]",feature_snapshots,feature,2026-01-26T08:09Z,2026-01-26T08:09Z,2026-01-26T14:24Z,"[0.776069,-1.393661,-0.627974,-1.010043,-1.692201,2.078293,0.166447,1.001748]","[0.776434,-1.393319,-0.628374,-1.009958,-1.692353,2.078088,0.166143,1.002365]",,e2c81edb5a618e666e77fc006340a15d4d3ae84dad9f5de9952226f6e12dfb85
DUPLICATION-005,dev,leakage,true,duplication,high,entity-5005,2026-01-26T15:35Z,2026-01-26T15:10Z,customer_activity_profile(events),"[""event_count"",""session_duration"",""entity_id""]",feature_snapshots,feature,2026-01-26T15:10Z,2026-01-26T15:10Z,2026-01-26T21:35Z,"[2.233177,-1.032324,2.183782,1.27672,0.236277,-1.769367,-1.208558,-2.383085]","[2.233177,-1.032324,2.183782,1.27672,0.236277,-1.769367,-1.208558,-2.383085]",ec7d975dadadf02b8b53fc145a70ea5b3f9f95e5d7985bd3bab5bb77114432e9,ec7d975dadadf02b8b53fc145a70ea5b3f9f95e5d7985bd3bab5bb77114432e9
DUPLICATION-006,dev,leakage,true,duplication,low,entity-5006,2026-01-26T22:46Z,2026-01-26T22:11Z,customer_activity_profile(events),"[""event_count"",""session_duration"",""entity_id""]",feature_snapshots,feature,2026-01-26T22:11Z,2026-01-26T22:11Z,2026-01-27T04:46Z,"[-1.681262,-2.142637,1.401723,1.688871,0.76616,0.355312,-2.21243,2.388732]","[-1.612619,-2.085939,1.419149,1.762673,0.798957,0.313401,-2.251824,2.411991]",,ed648209911d0319e6fd4dcbd601eb1d98fdb1da9b5dea189a208fedca729ce8
DUPLICATION-007,dev,leakage,true,duplication,medium,entity-5007,2026-01-27T05:57Z,2026-01-27T05:12Z,customer_activity_profile(events),"[""event_count"",""session_duration"",""entity_id""]",feature_snapshots,feature,2026-01-27T05:12Z,2026-01-27T05:12Z,2026-01-27T11:57Z,"[-1.79137,-1.628244,-2.236245,-2.450913,-0.476117,0.54903,0.503868,-0.194275]","[-1.79212,-1.628066,-2.236241,-2.450165,-0.475862,0.549668,0.503154,-0.194816]",,d16b5dbe2a9bef13e548b9aed1700cb34bbe60f365599d0e5cf00ea12894006d
DUPLICATION-008,dev,leakage,true,duplication,high,entity-5008,2026-01-27T12:08Z,2026-01-27T11:13Z,customer_activity_profile(events),"[""event_count"",""session_duration"",""entity_id""]",feature_snapshots,feature,2026-01-27T11:13Z,2026-01-27T11:13Z,2026-01-27T18:08Z,"[-1.59882,-0.519919,0.42018,1.129333,-0.698862,-1.888884,2.282512,-2.403523]","[-1.59882,-0.519919,0.42018,1.129333,-0.698862,-1.888884,2.282512,-2.403523]",9d288c61340c43e4d73ad291c75906dafdc98b7cccd5eeba97945a0b73c0b89f,9d288c61340c43e4d73ad291c75906dafdc98b7cccd5eeba97945a0b73c0b89f
DUPLICATION-009,dev,leakage,true,duplication,low,entity-5009,2026-01-27T19:19Z,2026-01-27T18:14Z,customer_activity_profile(events),"[""event_count"",""session_duration"",""entity_id""]",feature_snapshots,feature,2026-01-27T18:14Z,2026-01-27T18:14Z,2026-01-28T01:19Z,"[1.258854,2.248602,-1.151852,-1.838031,-2.197931,2.49231,-1.924564,-1.499796]","[1.335773,2.233378,-1.137478,-1.907799,-2.175578,2.454431,-1.994438,-1.513088]",,f0dad0988ee95ed5f6c94b03f4e68595c644ac446ee43abcb7f5bc056b2b1747
DUPLICATION-010,dev,leakage,true,duplication,medium,entity-5010,2026-01-28T02:30Z,2026-01-28T02:15Z,customer_activity_profile(events),"[""event_count"",""session_duration"",""entity_id""]",feature_snapshots,feature,2026-01-28T02:15Z,2026-01-28T02:15Z,2026-01-28T08:30Z,"[0.025058,-1.325205,-1.90768,-1.299905,-0.366292,-1.054457,1.440017,0.608858]","[0.024447,-1.324949,-1.90691,-1.299725,-0.366889,-1.055195,1.440094,0.608423]",,42d7b366274a3bdb1c7792e96307d05fa863723200b79297ec78a37060c5facf
DUPLICATION-011,dev,leakage,true,duplication,high,entity-5011,2026-01-28T09:41Z,2026-01-28T09:16Z,customer_activity_profile(events),"[""event_count"",""session_duration"",""entity_id""]",feature_snapshots,feature,2026-01-28T09:16Z,2026-01-28T09:16Z,2026-01-28T15:41Z,"[-0.617389,1.515295,-2.183012,-1.384328,-0.893028,0.55244,2.080371,2.068315]","[-0.617389,1.515295,-2.183012,-1.384328,-0.893028,0.55244,2.080371,2.068315]",b73fcc5a6b2fd0a59b83f6c3a01f067d7d7973fe2b6a38f80fdf217f461c084c,b73fcc5a6b2fd0a59b83f6c3a01f067d7d7973fe2b6a38f80fdf217f461c084c
DUPLICATION-012,dev,leakage,true,duplication,low,entity-5012,2026-01-28T16:52Z,2026-01-28T16:17Z,customer_activity_profile(events),"[""event_count"",""session_duration"",""entity_id""]",feature_snapshots,feature,2026-01-28T16:17Z,2026-01-28T16:17Z,2026-01-28T22:52Z,"[-0.209343,0.939479,0.855098,1.804994,-0.829653,-0.829029,-0.674798,-0.07154]","[-0.212546,0.990723,0.922573,1.882058,-0.754862,-0.871163,-0.738143,0.005606]",,683682a0f032ce463ee0167de0b27beb409c13c2be0c742fa37fc211d9c166e5
DUPLICATION-013,dev,leakage,true,duplication,medium,entity-5013,2026-01-28T23:03Z,2026-01-28T22:18Z,customer_activity_profile(events),"[""event_count"",""session_duration"",""entity_id""]",feature_snapshots,feature,2026-01-28T22:18Z,2026-01-28T22:18Z,2026-01-29T05:03Z,"[0.31526,-2.387569,-0.217389,-0.869989,0.388691,1.856306,-1.40013,-0.097256]","[0.315485,-2.38718,-0.218092,-0.870249,0.388259,1.855977,-1.399478,-0.097092]",,dc31bfef2edcf12ac0c2f2e5689c8403123d0de85706a7eb6dcd837425b06841
DUPLICATION-014,dev,leakage,true,duplication,high,entity-5014,2026-01-29T06:14Z,2026-01-29T05:19Z,customer_activity_profile(events),"[""event_count"",""session_duration"",""entity_id""]",feature_snapshots,feature,2026-01-29T05:19Z,2026-01-29T05:19Z,2026-01-29T12:14Z,"[1.153309,-2.451937,-1.257149,0.290275,2.021742,1.391825,0.2439,-0.607845]","[1.153309,-2.451937,-1.257149,0.290275,2.021742,1.391825,0.2439,-0.607845]",a829abd502063c103e69661f8f3cea7a299b23a1008f225f42ca1b16a01462c7,a829abd502063c103e69661f8f3cea7a299b23a1008f225f42ca1b16a01462c7
DUPLICATION-015,dev,leakage,true,duplication,low,entity-5015,2026-01-29T13:25Z,2026-01-29T12:20Z,customer_activity_profile(events),"[""event_count"",""session_duration"",""entity_id""]",feature_snapshots,feature,2026-01-29T12:20Z,2026-01-29T12:20Z,2026-01-29T19:25Z,"[-0.363119,-0.83222,-1.678747,1.004726,-1.788031,-0.76339,-0.701487,-1.556172]","[-0.328159,-0.865884,-1.695428,0.931238,-1.715973,-0.82424,-0.701528,-1.572815]",,32658a1d31d6d73c76e671a22442e8b974a2d289a3dcf667c3b8e76d5aa5ff88
DUPLICATION-016,dev,leakage,true,duplication,medium,entity-5016,2026-01-29T20:36Z,2026-01-29T20:21Z,customer_activity_profile(events),"[""event_count"",""session_duration"",""entity_id""]",feature_snapshots,feature,2026-01-29T20:21Z,2026-01-29T20:21Z,2026-01-30T02:36Z,"[-2.131355,0.303586,-1.497353,2.288635,-0.521264,-2.292184,2.105507,2.056337]","[-2.131239,0.304354,-1.496927,2.288375,-0.52143,-2.29239,2.105981,2.055721]",,75fde06c1c024a7d2188e71237d5b522bd188ebec460008d03626a6ccff727e6
DUPLICATION-017,dev,leakage,true,duplication,high,entity-5017,2026-01-30T03:47Z,2026-01-30T03:22Z,customer_activity_profile(events),"[""event_count"",""session_duration"",""entity_id""]",feature_snapshots,feature,2026-01-30T03:22Z,2026-01-30T03:22Z,2026-01-30T09:47Z,"[-0.023685,-2.482736,2.43876,-0.008236,2.303536,-1.534679,0.6516,-1.341553]","[-0.023685,-2.482736,2.43876,-0.008236,2.303536,-1.534679,0.6516,-1.341553]",aee9830a496b24ed6ef4cf82e625404b2b664f33c6b820f5fe898788d3dd1439,aee9830a496b24ed6ef4cf82e625404b2b664f33c6b820f5fe898788d3dd1439
DUPLICATION-018,dev,leakage,true,duplication,low,entity-5018,2026-01-30T10:58Z,2026-01-30T10:23Z,customer_activity_profile(events),"[""event_count"",""session_duration"",""entity_id""]",feature_snapshots,feature,2026-01-30T10:23Z,2026-01-30T10:23Z,2026-01-30T16:58Z,"[-2.243095,-0.820883,-0.936801,-0.964346,0.734536,2.059307,-0.815105,0.42227]","[-2.187242,-0.766688,-0.902784,-0.918655,0.673899,1.998322,-0.857885,0.350009]",,0f0d10a1e83a851f4fd13abca7f0e4565af2d402108f72db0d89ec7b0bcda5a1
DUPLICATION-019,dev,leakage,true,duplication,medium,entity-5019,2026-01-30T17:09Z,2026-01-30T16:24Z,customer_activity_profile(events),"[""event_count"",""session_duration"",""entity_id""]",feature_snapshots,feature,2026-01-30T16:24Z,2026-01-30T16:24Z,2026-01-30T23:09Z,"[-0.510312,-0.435964,-2.464195,-0.383585,2.279775,-1.236964,-1.044417,0.536158]","[-0.51017,-0.435755,-2.464364,-0.38364,2.279201,-1.237702,-1.04517,0.535701]",,c8833e225b1c2515e356481844efc0b14fa3104afa3464e827e0d1a5210c50c2
DUPLICATION-020,dev,leakage,true,duplication,high,entity-5020,2026-01-31T00:20Z,2026-01-30T23:25Z,customer_activity_profile(events),"[""event_count"",""session_duration"",""entity_id""]",feature_snapshots,feature,2026-01-30T23:25Z,2026-01-30T23:25Z,2026-01-31T06:20Z,"[-0.920498,2.445292,0.171498,1.526057,0.628594,0.792081,-1.896869,0.000971]","[-0.920498,2.445292,0.171498,1.526057,0.628594,0.792081,-1.896869,0.000971]",3c866f7b456b475da6986ceba09fc7b0d1ae7cea6e371def9d6fa4d16e3bc2de,3c866f7b456b475da6986ceba09fc7b0d1ae7cea6e371def9d6fa4d16e3bc2de
DUPLICATION-021,dev,leakage,true,duplication,low,entity-5021,2026-01-31T07:31Z,2026-01-31T06:26Z,customer_activity_profile(events),"[""event_count"",""session_duration"",""entity_id""]",feature_snapshots,feature,2026-01-31T06:26Z,2026-01-31T06:26Z,2026-01-31T13:31Z,"[-0.434735,1.08734,-0.79223,-0.237468,2.37577,1.474526,-2.388452,0.110982]","[-0.355631,1.028472,-0.822901,-0.230023,2.411674,1.531839,-2.426973,0.134072]",,cc885e2870ee73ca555e5712ffd89abbe4e2df6f0fda1b3116edfd28118ba5d7
DUPLICATION-022,dev,leakage,true,duplication,medium,entity-5022,2026-01-31T14:42Z,2026-01-31T14:27Z,customer_activity_profile(events),"[""event_count"",""session_duration"",""entity_id""]",feature_snapshots,feature,2026-01-31T14:27Z,2026-01-31T14:27Z,2026-01-31T20:42Z,"[-0.496201,-1.246983,0.165367,-0.325515,1.417867,1.913745,0.231292,-0.990991]","[-0.49667,-1.246383,0.164668,-0.32554,1.417506,1.913719,0.230618,-0.991148]",,ba240f60a077b2b4cf4d79525b13cf22c475a0a6fa5da9844588883afece2fae
DUPLICATION-023,dev,leakage,true,duplication,high,entity-5023,2026-01-31T21:53Z,2026-01-31T21:28Z,customer_activity_profile(events),"[""event_count"",""session_duration"",""entity_id""]",feature_snapshots,feature,2026-01-31T21:28Z,2026-01-31T21:28Z,2026-02-01T03:53Z,"[2.019698,0.498925,1.398144,-0.418958,0.933198,1.781874,-2.385466,0.143712]","[2.019698,0.498925,1.398144,-0.418958,0.933198,1.781874,-2.385466,0.143712]",b8150a568f71620f0828cc31df5059f3de563d4d0c71fbe780e6e920c2c78b43,b8150a568f71620f0828cc31df5059f3de563d4d0c71fbe780e6e920c2c78b43
DUPLICATION-024,heldout,leakage,true,duplication,low,entity-5024,2026-02-01T04:04Z,2026-02-01T03:29Z,customer_activity_profile(events),"[""event_count"",""session_duration"",""entity_id""]",feature_snapshots,feature,2026-02-01T03:29Z,2026-02-01T03:29Z,2026-02-01T10:04Z,"[-1.871538,-0.78452,-1.981655,-0.896016,2.392358,-1.181205,-0.2638,-2.4276]","[-1.912695,-0.794991,-2.026363,-0.844887,2.442362,-1.148029,-0.219776,-2.384616]",,aeba76f21a8ba2e5633c8c56f12f11182203e20b2ab45fc2701ca225071d9325
DUPLICATION-025,heldout,leakage,true,duplication,medium,entity-5025,2026-02-01T11:15Z,2026-02-01T10:30Z,customer_activity_profile(events),"[""event_count"",""session_duration"",""entity_id""]",feature_snapshots,feature,2026-02-01T10:30Z,2026-02-01T10:30Z,2026-02-01T17:15Z,"[0.122321,1.073249,-2.442806,0.681422,-1.524658,0.845231,0.003249,0.685706]","[0.122896,1.07371,-2.442149,0.681326,-1.524122,0.845297,0.002811,0.685921]",,0735ec5cf9a44f135f24b1dc5b30c7dd844f29bba2b2827d482e31a0ed1dfaac
DUPLICATION-026,heldout,leakage,true,duplication,high,entity-5026,2026-02-01T18:26Z,2026-02-01T17:31Z,customer_activity_profile(events),"[""event_count"",""session_duration"",""entity_id""]",feature_snapshots,feature,2026-02-01T17:31Z,2026-02-01T17:31Z,2026-02-02T00:26Z,"[-0.820881,0.119718,-1.717411,1.739262,-0.163547,-1.094897,-1.891317,-1.360399]","[-0.820881,0.119718,-1.717411,1.739262,-0.163547,-1.094897,-1.891317,-1.360399]",e814a967fd52ef1706a2d32f7b70752b73a85d0ecbd35993b9494de09b997d67,e814a967fd52ef1706a2d32f7b70752b73a85d0ecbd35993b9494de09b997d67
DUPLICATION-027,heldout,leakage,true,duplication,low,entity-5027,2026-02-02T01:37Z,2026-02-02T00:32Z,customer_activity_profile(events),"[""event_count"",""session_duration"",""entity_id""]",feature_snapshots,feature,2026-02-02T00:32Z,2026-02-02T00:32Z,2026-02-02T07:37Z,"[1.257211,1.390301,1.605456,2.450161,-0.636534,2.297698,2.353829,2.071303]","[1.309407,1.435401,1.672872,2.41928,-0.661753,2.252527,2.41293,2.064619]",,235591a205a5ec84b69edb4d00d57ddc7928684cf269e5568e9a2615cb73493c
DUPLICATION-028,heldout,leakage,true,duplication,medium,entity-5028,2026-01-05T08:48Z,2026-01-05T08:33Z,customer_activity_profile(events),"[""event_count"",""session_duration"",""entity_id""]",feature_snapshots,feature,2026-01-05T08:33Z,2026-01-05T08:33Z,2026-01-05T14:48Z,"[2.277417,-2.240452,0.126387,-1.05514,-2.164043,1.029556,0.352044,-0.166201]","[2.277145,-2.240819,0.125854,-1.054547,-2.164343,1.02957,0.352385,-0.166145]",,61b3361c80ac84d5b6444aa6f562acde4a52166fb72fb8b20d42e8db5715fd3d
DUPLICATION-029,heldout,leakage,true,duplication,high,entity-5029,2026-01-05T15:59Z,2026-01-05T15:34Z,customer_activity_profile(events),"[""event_count"",""session_duration"",""entity_id""]",feature_snapshots,feature,2026-01-05T15:34Z,2026-01-05T15:34Z,2026-01-05T21:59Z,"[2.122323,-0.495211,-1.844568,-2.066795,1.9679,1.013084,-1.664037,-1.109028]","[2.122323,-0.495211,-1.844568,-2.066795,1.9679,1.013084,-1.664037,-1.109028]",ad45435d0be7848be6be5808b228fcaceea11df3ac607f8e12483fb05b3a356d,ad45435d0be7848be6be5808b228fcaceea11df3ac607f8e12483fb05b3a356d
DUPLICATION-030,heldout,leakage,true,duplication,low,entity-5030,2026-01-05T22:10Z,2026-01-05T21:35Z,customer_activity_profile(events),"[""event_count"",""session_duration"",""entity_id""]",feature_snapshots,feature,2026-01-05T21:35Z,2026-01-05T21:35Z,2026-01-06T04:10Z,"[0.229353,1.498707,2.195949,-0.997629,-1.785369,1.658893,1.008175,-0.638231]","[0.156491,1.556699,2.261398,-1.020468,-1.732801,1.651199,1.009434,-0.610085]",,4a8d37599ab1372bd52211e747da0fe7bb49c44eeac66093a8d70d967f0f49ec
DUPLICATION-031,heldout,leakage,true,duplication,medium,entity-5031,2026-01-06T05:21Z,2026-01-06T04:36Z,customer_activity_profile(events),"[""event_count"",""session_duration"",""entity_id""]",feature_snapshots,feature,2026-01-06T04:36Z,2026-01-06T04:36Z,2026-01-06T11:21Z,"[1.401362,1.321548,-2.025502,-1.004619,2.346091,0.610097,0.309686,-1.621001]","[1.400607,1.320892,-2.024849,-1.004587,2.3468,0.609306,0.310382,-1.620541]",,0abd876fd038830c95370d1540043ce825320258fdc5c2448a31d04a6229d2e2
DUPLICATION-032,heldout,leakage,true,duplication,high,entity-5032,2026-01-06T12:32Z,2026-01-06T11:37Z,customer_activity_profile(events),"[""event_count"",""session_duration"",""entity_id""]",feature_snapshots,feature,2026-01-06T11:37Z,2026-01-06T11:37Z,2026-01-06T18:32Z,"[1.582132,1.778824,0.113472,-0.411881,0.4597,-0.205495,0.639683,-1.277537]","[1.582132,1.778824,0.113472,-0.411881,0.4597,-0.205495,0.639683,-1.277537]",15fe5c193531cf2e4628ddfcc7b4bb5d56af62b2371f85986e4b110d0f1f311a,15fe5c193531cf2e4628ddfcc7b4bb5d56af62b2371f85986e4b110d0f1f311a
DUPLICATION-033,heldout,leakage,true,duplication,low,entity-5033,2026-01-06T19:43Z,2026-01-06T18:38Z,customer_activity_profile(events),"[""event_count"",""session_duration"",""entity_id""]",feature_snapshots,feature,2026-01-06T18:38Z,2026-01-06T18:38Z,2026-01-07T01:43Z,"[-0.137727,0.103338,2.392057,-0.215442,0.784142,-0.787477,2.297532,0.056848]","[-0.102325,0.183133,2.377172,-0.247646,0.815591,-0.804343,2.235023,0.042109]",,154c4dda64b5e9ab5b6d5b1d5db02bb68ea34a094cf3769bab858975f686c4e8
DUPLICATION-034,heldout,leakage,true,duplication,medium,entity-5034,2026-01-07T02:54Z,2026-01-07T02:39Z,customer_activity_profile(events),"[""event_count"",""session_duration"",""entity_id""]",feature_snapshots,feature,2026-01-07T02:39Z,2026-01-07T02:39Z,2026-01-07T08:54Z,"[2.469092,-0.694674,1.858188,1.590141,1.858658,0.528057,-1.650424,-0.584536]","[2.468778,-0.6952,1.858072,1.589967,1.857875,0.528021,-1.651201,-0.584117]",,bb2f4762cab588d88859a357ad734f6f95231fbfb671123f817144c5887c6eed
DUPLICATION-035,heldout,leakage,true,duplication,high,entity-5035,2026-01-07T09:05Z,2026-01-07T08:40Z,customer_activity_profile(events),"[""event_count"",""session_duration"",""entity_id""]",feature_snapshots,feature,2026-01-07T08:40Z,2026-01-07T08:40Z,2026-01-07T15:05Z,"[2.301135,1.822639,0.330725,2.072869,-0.206026,-1.441255,0.118972,-2.123808]","[2.301135,1.822639,0.330725,2.072869,-0.206026,-1.441255,0.118972,-2.123808]",2471174a45442bf93a9c839be758e38d89edaa62a5dad077219c0b4e175e3272,2471174a45442bf93a9c839be758e38d89edaa62a5dad077219c0b4e175e3272
DUPLICATION-036,heldout,leakage,true,duplication,low,entity-5036,2026-01-07T16:16Z,2026-01-07T15:41Z,customer_activity_profile(events),"[""event_count"",""session_duration"",""entity_id""]",feature_snapshots,feature,2026-01-07T15:41Z,2026-01-07T15:41Z,2026-01-07T22:16Z,"[-0.229767,1.139845,-0.703348,0.941757,2.015865,2.462495,-1.195044,-1.223696]","[-0.268848,1.167827,-0.707501,1.018451,2.053705,2.531835,-1.154596,-1.152178]",,2d236f833b6d13686d2d572c905013bd270e75925cd9e79c7548e90beb483553
DUPLICATION-037,heldout,leakage,true,duplication,medium,entity-5037,2026-01-07T23:27Z,2026-01-07T22:42Z,customer_activity_profile(events),"[""event_count"",""session_duration"",""entity_id""]",feature_snapshots,feature,2026-01-07T22:42Z,2026-01-07T22:42Z,2026-01-08T05:27Z,"[2.107809,0.402269,0.890241,-1.323482,1.134765,-1.093918,2.496629,2.378455]","[2.107272,0.402665,0.889954,-1.324079,1.134771,-1.093649,2.496038,2.378994]",,583a0feed68f202b6ad4ad21cef57f1ddfc58be41e09a944663d6e484bd6c911
DUPLICATION-038,heldout,leakage,true,duplication,high,entity-5038,2026-01-08T06:38Z,2026-01-08T05:43Z,customer_activity_profile(events),"[""event_count"",""session_duration"",""entity_id""]",feature_snapshots,feature,2026-01-08T05:43Z,2026-01-08T05:43Z,2026-01-08T12:38Z,"[2.122545,-0.473153,-0.885293,-1.503483,-0.393362,1.989546,0.261262,0.221263]","[2.122545,-0.473153,-0.885293,-1.503483,-0.393362,1.989546,0.261262,0.221263]",2ed3cec371b8001b2b7ce80898daa74e555ccdcda8e7035e840eac57a6c88f4c,2ed3cec371b8001b2b7ce80898daa74e555ccdcda8e7035e840eac57a6c88f4c
DUPLICATION-039,heldout,leakage,true,duplication,low,entity-5039,2026-01-08T13:49Z,2026-01-08T12:44Z,customer_activity_profile(events),"[""event_count"",""session_duration"",""entity_id""]",feature_snapshots,feature,2026-01-08T12:44Z,2026-01-08T12:44Z,2026-01-08T19:49Z,"[2.428301,-2.185438,-1.705716,-0.76584,0.292494,0.391649,1.867896,1.036409]","[2.50751,-2.118619,-1.738221,-0.728856,0.217419,0.384869,1.877973,1.02022]",,91e17862d454742873d5b71d1a110bd3c9178d6bacdb88b49d9aa66e6574334e
